0;0;1;0;2;3;0;4;5;0;6;7;0;8;9;0;10;11;1;0;2;1;3;4;1;5;6;1;7;8;1;9;10;1;1;11;
0;0;1;0;2;3;0;4;5;0;6;7;0;8;9;0;10;11;1;0;2;1;3;4;1;5;6;1;7;8;1;9;11;1;1;10;
0;0;1;0;2;3;0;4;5;0;6;7;0;8;9;0;10;11;1;0;2;1;3;4;1;5;6;1;7;9;1;8;10;1;1;11;
0;0;1;0;2;3;0;4;5;0;6;7;0;8;9;0;10;11;1;0;2;1;3;4;1;5;6;1;7;9;1;8;11;1;1;10;
0;0;1;0;2;3;0;4;5;0;6;7;0;8;9;0;10;11;1;0;2;1;3;4;1;5;7;1;6;8;1;9;10;1;1;11;
0;0;1;0;2;3;0;4;5;0;6;7;0;8;9;0;10;11;1;0;2;1;3;4;1;5;7;1;6;8;1;9;11;1;1;10;
0;0;1;0;2;3;0;4;5;0;6;7;0;8;9;0;10;11;1;0;2;1;3;5;1;4;6;1;7;9;1;8;10;1;1;11;
0;0;1;0;2;3;0;4;5;0;6;7;0;8;9;0;10;11;1;0;3;1;2;5;1;4;7;1;6;9;1;8;11;1;1;10;
0;0;1;0;2;3;0;4;5;0;6;7;0;8;9;0;10;11;1;0;2;1;3;4;1;1;5;1;6;8;1;9;10;1;7;11;
0;0;1;0;2;3;0;4;5;0;6;7;0;8;9;0;10;11;1;0;2;1;3;4;1;1;5;1;6;9;1;8;11;1;7;10;
0;0;1;0;2;3;0;4;5;0;6;7;0;8;9;0;10;11;1;0;3;1;2;5;1;1;4;1;6;9;1;8;11;1;7;10;
0;0;1;0;2;3;0;4;5;0;6;7;0;8;9;0;10;11;1;0;2;1;1;3;1;4;6;1;7;8;1;9;10;1;5;11;
0;0;1;0;2;3;0;4;5;0;6;7;0;8;9;0;10;11;1;0;2;1;1;3;1;4;6;1;7;8;1;9;11;1;5;10;
0;0;1;0;2;3;0;4;5;0;6;7;0;8;9;0;10;11;1;0;2;1;1;3;1;4;6;1;7;9;1;8;10;1;5;11;
0;0;1;0;2;3;0;4;5;0;6;7;0;8;9;0;10;11;1;0;2;1;1;3;1;4;7;1;6;9;1;8;11;1;5;10;
0;0;1;0;2;3;0;4;5;0;6;7;0;8;9;0;10;11;1;0;2;1;1;3;1;4;6;1;5;7;1;8;10;1;9;11;
0;0;1;0;2;3;0;4;5;0;6;7;0;8;9;0;10;11;1;0;2;1;1;3;1;4;6;1;5;7;1;8;11;1;9;10;
0;0;1;0;2;3;0;4;5;0;6;7;0;8;9;0;10;11;1;0;2;1;1;3;1;4;7;1;5;6;1;8;11;1;9;10;
0;0;1;0;2;3;0;4;5;0;6;7;0;8;9;0;10;11;1;0;3;1;1;2;1;4;6;1;7;8;1;9;10;1;5;11;
0;0;1;0;2;3;0;4;5;0;6;7;0;8;9;0;10;11;1;0;3;1;1;2;1;4;6;1;7;8;1;9;11;1;5;10;
0;0;1;0;2;3;0;4;5;0;6;7;0;8;9;0;10;11;1;0;3;1;1;2;1;4;6;1;7;9;1;8;10;1;5;11;
0;0;1;0;2;3;0;4;5;0;6;7;0;8;9;0;10;11;1;0;3;1;1;2;1;4;7;1;6;9;1;8;11;1;5;10;
0;0;1;0;2;3;0;4;5;0;6;7;0;8;9;0;10;11;1;0;3;1;1;2;1;4;7;1;5;6;1;8;11;1;9;10;
0;0;1;0;2;3;0;4;5;0;6;7;0;8;9;0;10;11;1;0;12;1;1;2;1;3;4;1;5;6;1;7;8;1;9;10;
0;0;1;0;2;3;0;4;5;0;6;7;0;8;9;0;10;11;1;0;12;1;1;2;1;3;4;1;5;6;1;7;9;1;8;10;
0;0;1;0;2;3;0;4;5;0;6;7;0;8;9;0;10;11;1;0;12;1;1;2;1;3;4;1;5;7;1;6;8;1;9;10;
0;0;1;0;2;3;0;4;5;0;6;7;0;8;9;0;10;11;1;0;12;1;1;2;1;3;4;1;5;7;1;6;9;1;8;10;
0;0;1;0;2;3;0;4;5;0;6;7;0;8;9;0;10;11;1;0;12;1;1;2;1;3;5;1;4;6;1;7;8;1;9;10;
0;0;1;0;2;3;0;4;5;0;6;7;0;8;9;0;10;11;1;0;12;1;1;2;1;3;5;1;4;6;1;7;9;1;8;10;
0;0;1;0;2;3;0;4;5;0;6;7;0;8;9;0;10;11;1;0;12;1;1;2;1;3;5;1;4;7;1;6;8;1;9;10;
0;0;1;0;2;3;0;4;5;0;6;7;0;8;9;0;10;11;1;0;12;1;1;2;1;3;5;1;4;7;1;6;9;1;8;10;
0;0;1;0;2;3;0;4;5;0;6;7;0;8;9;0;10;11;1;0;12;1;1;3;1;2;4;1;5;6;1;7;8;1;9;10;
0;0;1;0;2;3;0;4;5;0;6;7;0;8;9;0;10;11;1;0;12;1;1;3;1;2;4;1;5;6;1;7;9;1;8;10;
0;0;1;0;2;3;0;4;5;0;6;7;0;8;9;0;10;11;1;0;12;1;1;3;1;2;4;1;5;7;1;6;8;1;9;10;
0;0;1;0;2;3;0;4;5;0;6;7;0;8;9;0;10;11;1;0;12;1;1;3;1;2;4;1;5;7;1;6;9;1;8;10;
0;0;1;0;2;3;0;4;5;0;6;7;0;8;9;0;10;11;1;0;12;1;1;3;1;2;5;1;4;6;1;7;8;1;9;10;
0;0;1;0;2;3;0;4;5;0;6;7;0;8;9;0;10;11;1;0;12;1;1;3;1;2;5;1;4;6;1;7;9;1;8;10;
0;0;1;0;2;3;0;4;5;0;6;7;0;8;9;0;10;11;1;0;12;1;1;3;1;2;5;1;4;7;1;6;8;1;9;10;
0;0;1;0;2;3;0;4;5;0;6;7;0;8;9;0;10;11;1;0;12;1;1;3;1;2;5;1;4;7;1;6;9;1;8;10;
0;0;1;0;2;3;0;4;5;0;6;7;0;8;9;0;10;11;1;1;12;1;0;2;1;3;4;1;5;6;1;7;8;1;9;10;
0;0;1;0;2;3;0;4;5;0;6;7;0;8;9;0;10;11;1;1;12;1;0;2;1;3;4;1;5;6;1;7;9;1;8;10;
0;0;1;0;2;3;0;4;5;0;6;7;0;8;9;0;10;11;1;1;12;1;0;2;1;3;4;1;5;7;1;6;8;1;9;10;
0;0;1;0;2;3;0;4;5;0;6;7;0;8;9;0;10;11;1;1;12;1;0;2;1;3;4;1;5;7;1;6;9;1;8;10;
0;0;1;0;2;3;0;4;5;0;6;7;0;8;9;0;10;11;1;1;12;1;0;2;1;3;5;1;4;6;1;7;8;1;9;10;
0;0;1;0;2;3;0;4;5;0;6;7;0;8;9;0;10;11;1;1;12;1;0;2;1;3;5;1;4;6;1;7;9;1;8;10;
0;0;1;0;2;3;0;4;5;0;6;7;0;8;9;0;10;11;1;1;12;1;0;2;1;3;5;1;4;7;1;6;8;1;9;10;
0;0;1;0;2;3;0;4;5;0;6;7;0;8;9;0;10;11;1;1;12;1;0;2;1;3;5;1;4;7;1;6;9;1;8;10;
0;0;1;0;2;3;0;4;5;0;6;7;0;8;9;0;10;11;1;1;12;1;0;3;1;2;4;1;5;6;1;7;8;1;9;10;
0;0;1;0;2;3;0;4;5;0;6;7;0;8;9;0;10;11;1;1;12;1;0;3;1;2;4;1;5;6;1;7;9;1;8;10;
0;0;1;0;2;3;0;4;5;0;6;7;0;8;9;0;10;11;1;1;12;1;0;3;1;2;4;1;5;7;1;6;8;1;9;10;
0;0;1;0;2;3;0;4;5;0;6;7;0;8;9;0;10;11;1;1;12;1;0;3;1;2;4;1;5;7;1;6;9;1;8;10;
0;0;1;0;2;3;0;4;5;0;6;7;0;8;9;0;10;11;1;1;12;1;0;3;1;2;5;1;4;6;1;7;8;1;9;10;
0;0;1;0;2;3;0;4;5;0;6;7;0;8;9;0;10;11;1;1;12;1;0;3;1;2;5;1;4;6;1;7;9;1;8;10;
0;0;1;0;2;3;0;4;5;0;6;7;0;8;9;0;10;11;1;1;12;1;0;3;1;2;5;1;4;7;1;6;8;1;9;10;
0;0;1;0;2;3;0;4;5;0;6;7;0;8;9;0;10;11;1;1;12;1;0;3;1;2;5;1;4;7;1;6;9;1;8;10;
0;0;1;0;2;3;0;4;5;0;6;7;0;8;9;0;10;11;1;0;12;1;1;2;1;3;4;1;5;6;1;8;10;1;9;11;
0;0;1;0;2;3;0;4;5;0;6;7;0;8;9;0;10;11;1;0;12;1;1;2;1;3;4;1;5;6;1;8;11;1;9;10;
0;0;1;0;2;3;0;4;5;0;6;7;0;8;9;0;10;11;1;0;12;1;1;2;1;3;5;1;4;6;1;8;10;1;9;11;
0;0;1;0;2;3;0;4;5;0;6;7;0;8;9;0;10;11;1;0;12;1;1;2;1;3;5;1;4;6;1;8;11;1;9;10;
0;0;1;0;2;3;0;4;5;0;6;7;0;8;9;0;10;11;1;0;12;1;1;3;1;2;4;1;5;6;1;8;10;1;9;11;
0;0;1;0;2;3;0;4;5;0;6;7;0;8;9;0;10;11;1;0;12;1;1;3;1;2;4;1;5;6;1;8;11;1;9;10;
0;0;1;0;2;3;0;4;5;0;6;7;0;8;9;0;10;11;1;0;12;1;1;3;1;2;5;1;4;6;1;8;10;1;9;11;
0;0;1;0;2;3;0;4;5;0;6;7;0;8;9;0;10;11;1;0;12;1;1;3;1;2;5;1;4;6;1;8;11;1;9;10;
0;0;1;0;2;3;0;4;5;0;6;7;0;8;9;0;10;11;1;1;12;1;0;2;1;3;4;1;5;6;1;8;10;1;9;11;
0;0;1;0;2;3;0;4;5;0;6;7;0;8;9;0;10;11;1;1;12;1;0;2;1;3;4;1;5;6;1;8;11;1;9;10;
0;0;1;0;2;3;0;4;5;0;6;7;0;8;9;0;10;11;1;1;12;1;0;2;1;3;5;1;4;6;1;8;10;1;9;11;
0;0;1;0;2;3;0;4;5;0;6;7;0;8;9;0;10;11;1;1;12;1;0;2;1;3;5;1;4;6;1;8;11;1;9;10;
0;0;1;0;2;3;0;4;5;0;6;7;0;8;9;0;10;11;1;1;12;1;0;3;1;2;4;1;5;6;1;8;10;1;9;11;
0;0;1;0;2;3;0;4;5;0;6;7;0;8;9;0;10;11;1;1;12;1;0;3;1;2;4;1;5;6;1;8;11;1;9;10;
0;0;1;0;2;3;0;4;5;0;6;7;0;8;9;0;10;11;1;1;12;1;0;3;1;2;5;1;4;6;1;8;10;1;9;11;
0;0;1;0;2;3;0;4;5;0;6;7;0;8;9;0;10;11;1;1;12;1;0;3;1;2;5;1;4;6;1;8;11;1;9;10;
0;0;1;0;2;3;0;4;5;0;6;7;0;8;9;0;10;11;1;0;12;1;1;2;1;3;4;1;6;8;1;9;10;
0;0;1;0;2;3;0;4;5;0;6;7;0;8;9;0;10;11;1;0;12;1;1;2;1;3;4;1;6;8;1;9;10;1;7;11;
0;0;1;0;2;3;0;4;5;0;6;7;0;8;9;0;10;11;1;0;12;1;1;2;1;3;4;1;6;9;1;8;11;1;7;10;
0;0;1;0;2;3;0;4;5;0;6;7;0;8;9;0;10;11;1;0;12;1;1;3;1;2;4;1;6;8;1;9;10;
0;0;1;0;2;3;0;4;5;0;6;7;0;8;9;0;10;11;1;0;12;1;1;3;1;2;4;1;6;8;1;9;10;1;7;11;
0;0;1;0;2;3;0;4;5;0;6;7;0;8;9;0;10;11;1;0;12;1;1;3;1;2;4;1;6;9;1;8;11;1;7;10;
0;0;1;0;2;3;0;4;5;0;6;7;0;8;9;0;10;11;1;1;12;1;0;2;1;3;4;1;6;8;1;9;10;
0;0;1;0;2;3;0;4;5;0;6;7;0;8;9;0;10;11;1;1;12;1;0;2;1;3;4;1;6;8;1;9;10;1;7;11;
0;0;1;0;2;3;0;4;5;0;6;7;0;8;9;0;10;11;1;1;12;1;0;2;1;3;4;1;6;9;1;8;11;1;7;10;
0;0;1;0;2;3;0;4;5;0;6;7;0;8;9;0;10;11;1;1;12;1;0;3;1;2;4;1;6;8;1;9;10;
0;0;1;0;2;3;0;4;5;0;6;7;0;8;9;0;10;11;1;1;12;1;0;3;1;2;4;1;6;8;1;9;10;1;7;11;
0;0;1;0;2;3;0;4;5;0;6;7;0;8;9;0;10;11;1;1;12;1;0;3;1;2;4;1;6;9;1;8;11;1;7;10;
0;0;1;0;2;3;0;4;5;0;6;7;0;8;9;0;10;11;1;0;12;1;1;2;1;4;6;1;7;8;1;9;10;
0;0;1;0;2;3;0;4;5;0;6;7;0;8;9;0;10;11;1;0;12;1;1;2;1;4;6;1;7;9;1;8;10;
0;0;1;0;2;3;0;4;5;0;6;7;0;8;9;0;10;11;1;0;12;1;1;2;1;4;7;1;6;8;1;9;10;
0;0;1;0;2;3;0;4;5;0;6;7;0;8;9;0;10;11;1;0;12;1;1;2;1;4;6;1;7;8;1;9;10;1;5;11;
0;0;1;0;2;3;0;4;5;0;6;7;0;8;9;0;10;11;1;0;12;1;1;2;1;4;6;1;7;8;1;9;11;1;5;10;
0;0;1;0;2;3;0;4;5;0;6;7;0;8;9;0;10;11;1;0;12;1;1;2;1;4;6;1;7;9;1;8;10;1;5;11;
0;0;1;0;2;3;0;4;5;0;6;7;0;8;9;0;10;11;1;0;12;1;1;2;1;4;7;1;6;9;1;8;11;1;5;10;
0;0;1;0;2;3;0;4;5;0;6;7;0;8;9;0;10;11;1;0;12;1;1;2;1;4;6;1;5;7;1;8;10;1;9;11;
0;0;1;0;2;3;0;4;5;0;6;7;0;8;9;0;10;11;1;0;12;1;1;2;1;4;6;1;5;7;1;8;11;1;9;10;
0;0;1;0;2;3;0;4;5;0;6;7;0;8;9;0;10;11;1;0;12;1;1;2;1;4;7;1;5;6;1;8;11;1;9;10;
0;0;1;0;2;3;0;4;5;0;6;7;0;8;9;0;10;11;1;1;12;1;0;2;1;4;6;1;7;8;1;9;10;
0;0;1;0;2;3;0;4;5;0;6;7;0;8;9;0;10;11;1;1;12;1;0;2;1;4;6;1;7;9;1;8;10;
0;0;1;0;2;3;0;4;5;0;6;7;0;8;9;0;10;11;1;1;12;1;0;2;1;4;7;1;6;8;1;9;10;
0;0;1;0;2;3;0;4;5;0;6;7;0;8;9;0;10;11;1;1;12;1;0;2;1;4;6;1;7;8;1;9;10;1;5;11;
0;0;1;0;2;3;0;4;5;0;6;7;0;8;9;0;10;11;1;1;12;1;0;2;1;4;6;1;7;8;1;9;11;1;5;10;
0;0;1;0;2;3;0;4;5;0;6;7;0;8;9;0;10;11;1;1;12;1;0;2;1;4;6;1;7;9;1;8;10;1;5;11;
0;0;1;0;2;3;0;4;5;0;6;7;0;8;9;0;10;11;1;1;12;1;0;2;1;4;7;1;6;9;1;8;11;1;5;10;
0;0;1;0;2;3;0;4;5;0;6;7;0;8;9;0;10;11;1;1;12;1;0;2;1;4;6;1;5;7;1;8;10;1;9;11;
0;0;1;0;2;3;0;4;5;0;6;7;0;8;9;0;10;11;1;1;12;1;0;2;1;4;6;1;5;7;1;8;11;1;9;10;
0;0;1;0;2;3;0;4;5;0;6;7;0;8;9;0;10;11;1;1;12;1;0;2;1;4;7;1;5;6;1;8;11;1;9;10;
0;0;1;0;2;3;0;4;5;0;6;7;0;8;9;0;10;11;1;0;12;1;2;4;1;5;6;1;7;8;1;9;10;
0;0;1;0;2;3;0;4;5;0;6;7;0;8;9;0;10;11;1;0;12;1;2;4;1;5;6;1;7;9;1;8;10;
0;0;1;0;2;3;0;4;5;0;6;7;0;8;9;0;10;11;1;0;12;1;2;4;1;5;7;1;6;8;1;9;10;
0;0;1;0;2;3;0;4;5;0;6;7;0;8;9;0;10;11;1;0;12;1;2;5;1;4;6;1;7;8;1;9;10;
0;0;1;0;2;3;0;4;5;0;6;7;0;8;9;0;10;11;1;0;12;1;2;4;1;5;6;1;8;10;1;9;11;
0;0;1;0;2;3;0;4;5;0;6;7;0;8;9;0;10;11;1;0;12;1;2;4;1;5;6;1;8;11;1;9;10;
0;0;1;0;2;3;0;4;5;0;6;7;0;8;9;0;10;11;1;0;12;1;2;4;1;5;6;1;7;8;1;9;10;1;3;11;
0;0;1;0;2;3;0;4;5;0;6;7;0;8;9;0;10;11;1;0;12;1;2;4;1;5;6;1;7;8;1;9;11;1;3;10;
0;0;1;0;2;3;0;4;5;0;6;7;0;8;9;0;10;11;1;0;12;1;2;4;1;5;6;1;7;9;1;8;10;1;3;11;
0;0;1;0;2;3;0;4;5;0;6;7;0;8;9;0;10;11;1;0;12;1;2;5;1;4;7;1;6;9;1;8;11;1;3;10;
0;0;1;0;2;3;0;4;5;0;6;7;0;8;9;0;10;11;1;0;12;1;2;4;1;3;5;1;6;8;1;9;10;1;7;11;
0;0;1;0;2;3;0;4;5;0;6;7;0;8;9;0;10;11;1;0;12;1;2;4;1;3;5;1;6;9;1;8;11;1;7;10;
0;0;1;0;2;3;0;4;5;0;6;7;0;8;9;0;10;11;1;0;12;1;2;5;1;3;4;1;6;8;1;9;10;1;7;11;
0;0;1;0;2;3;0;4;5;0;6;7;0;8;9;0;10;11;1;0;12;1;2;5;1;3;4;1;6;9;1;8;11;1;7;10;
