0;0;9;0;1;8;0;2;7;0;3;6;0;4;5;1;1;2;1;3;7;1;4;6;1;5;8;
0;0;9;0;1;8;0;2;7;0;3;6;0;4;5;1;1;2;1;3;7;1;4;8;1;5;6;
0;0;9;0;1;8;0;2;7;0;3;6;0;4;5;1;1;2;1;3;4;1;5;8;1;6;7;
0;0;9;0;1;8;0;2;7;0;3;6;0;4;5;1;1;7;1;2;6;1;3;5;1;4;8;
0;0;9;0;1;8;0;2;7;0;3;6;0;4;5;1;1;2;1;3;4;1;5;6;1;7;8;
0;0;9;0;1;8;0;2;7;0;3;6;0;4;5;1;1;2;1;3;5;1;4;6;1;7;8;
0;0;9;0;1;8;0;2;7;0;3;6;0;4;5;1;1;7;1;2;8;1;3;5;1;4;6;
0;0;9;0;1;8;0;2;7;0;3;6;0;4;5;1;0;1;1;2;8;1;3;7;1;4;6;
0;0;9;0;1;8;0;2;7;0;3;6;0;4;5;1;0;1;1;2;8;1;3;4;1;6;7;
0;0;9;0;1;8;0;2;7;0;3;6;0;4;5;1;0;1;1;2;3;1;4;6;1;7;8;
0;0;9;0;1;8;0;2;7;0;3;6;0;4;5;1;0;8;1;1;2;1;3;7;1;4;6;
0;0;9;0;1;8;0;2;7;0;3;6;0;4;5;1;0;1;1;2;8;1;3;4;1;5;6;
0;0;9;0;1;8;0;2;7;0;3;6;0;4;5;1;0;1;1;2;8;1;3;5;1;4;6;
0;0;9;0;1;8;0;2;7;0;3;6;0;4;5;1;0;1;1;2;8;1;3;7;1;4;6;1;5;9;
0;0;9;0;1;8;0;2;7;0;3;6;0;4;5;1;0;1;1;2;8;1;3;7;1;4;9;1;5;6;
0;0;9;0;1;8;0;2;7;0;3;6;0;4;5;1;0;1;1;2;8;1;3;4;1;5;9;1;6;7;
0;0;9;0;1;8;0;2;7;0;3;6;0;4;5;1;0;8;1;1;7;1;2;6;1;3;5;1;4;9;
0;0;9;0;1;8;0;2;7;0;3;6;0;4;5;1;0;1;1;2;3;1;4;6;1;5;7;1;8;9;
0;0;9;0;1;8;0;2;7;0;3;6;0;4;5;1;0;1;1;2;6;1;3;5;1;4;7;1;8;9;
0;0;9;0;1;8;0;2;7;0;3;6;0;4;5;1;0;8;1;1;9;1;2;3;1;4;6;1;5;7;
0;0;9;0;1;8;0;2;7;0;3;6;0;4;5;1;0;8;1;1;9;1;2;6;1;3;5;1;4;7;
