0;0;15;0;1;14;0;2;13;0;3;12;0;4;11;0;5;10;0;6;9;0;7;8;1;1;2;1;3;13;1;4;12;1;5;11;1;6;10;1;7;9;1;8;14;
0;0;15;0;1;14;0;2;13;0;3;12;0;4;11;0;5;10;0;6;9;0;7;8;1;1;2;1;3;13;1;4;12;1;5;11;1;6;10;1;7;14;1;8;9;
0;0;15;0;1;14;0;2;13;0;3;12;0;4;11;0;5;10;0;6;9;0;7;8;1;1;2;1;3;13;1;4;12;1;5;11;1;6;7;1;8;14;1;9;10;
0;0;15;0;1;14;0;2;13;0;3;12;0;4;11;0;5;10;0;6;9;0;7;8;1;1;2;1;3;13;1;4;12;1;5;11;1;6;8;1;7;14;1;9;10;
0;0;15;0;1;14;0;2;13;0;3;12;0;4;11;0;5;10;0;6;9;0;7;8;1;1;2;1;3;13;1;4;12;1;5;6;1;7;9;1;8;14;1;10;11;
0;0;15;0;1;14;0;2;13;0;3;12;0;4;11;0;5;10;0;6;9;0;7;8;1;1;2;1;3;13;1;4;12;1;5;6;1;7;14;1;8;9;1;10;11;
0;0;15;0;1;14;0;2;13;0;3;12;0;4;11;0;5;10;0;6;9;0;7;8;1;1;2;1;3;13;1;4;5;1;6;10;1;7;14;1;8;9;1;11;12;
0;0;15;0;1;14;0;2;13;0;3;12;0;4;11;0;5;10;0;6;9;0;7;8;1;1;2;1;3;13;1;4;5;1;6;7;1;8;14;1;9;10;1;11;12;
0;0;15;0;1;14;0;2;13;0;3;12;0;4;11;0;5;10;0;6;9;0;7;8;1;1;13;1;2;12;1;3;11;1;4;10;1;5;9;1;6;8;1;7;14;
0;0;15;0;1;14;0;2;13;0;3;12;0;4;11;0;5;10;0;6;9;0;7;8;1;1;2;1;3;13;1;4;5;1;6;10;1;7;9;1;8;11;1;12;14;
0;0;15;0;1;14;0;2;13;0;3;12;0;4;11;0;5;10;0;6;9;0;7;8;1;1;2;1;3;13;1;4;5;1;6;10;1;7;11;1;8;9;1;12;14;
0;0;15;0;1;14;0;2;13;0;3;12;0;4;11;0;5;10;0;6;9;0;7;8;1;1;2;1;3;13;1;4;5;1;6;7;1;8;11;1;9;10;1;12;14;
0;0;15;0;1;14;0;2;13;0;3;12;0;4;11;0;5;10;0;6;9;0;7;8;1;1;2;1;3;13;1;4;10;1;5;9;1;6;8;1;7;11;1;12;14;
0;0;15;0;1;14;0;2;13;0;3;12;0;4;11;0;5;10;0;6;9;0;7;8;1;1;13;1;2;12;1;3;14;1;4;5;1;6;10;1;7;9;1;8;11;
0;0;15;0;1;14;0;2;13;0;3;12;0;4;11;0;5;10;0;6;9;0;7;8;1;1;13;1;2;12;1;3;14;1;4;5;1;6;10;1;7;11;1;8;9;
0;0;15;0;1;14;0;2;13;0;3;12;0;4;11;0;5;10;0;6;9;0;7;8;1;1;13;1;2;12;1;3;14;1;4;5;1;6;7;1;8;11;1;9;10;
0;0;15;0;1;14;0;2;13;0;3;12;0;4;11;0;5;10;0;6;9;0;7;8;1;1;13;1;2;12;1;3;14;1;4;10;1;5;9;1;6;8;1;7;11;
0;0;15;0;1;14;0;2;13;0;3;12;0;4;11;0;5;10;0;6;9;0;7;8;1;1;2;1;3;4;1;5;11;1;6;10;1;7;9;1;8;12;1;13;14;
0;0;15;0;1;14;0;2;13;0;3;12;0;4;11;0;5;10;0;6;9;0;7;8;1;1;2;1;3;4;1;5;11;1;6;10;1;7;12;1;8;9;1;13;14;
0;0;15;0;1;14;0;2;13;0;3;12;0;4;11;0;5;10;0;6;9;0;7;8;1;1;2;1;3;4;1;5;11;1;6;7;1;8;12;1;9;10;1;13;14;
0;0;15;0;1;14;0;2;13;0;3;12;0;4;11;0;5;10;0;6;9;0;7;8;1;1;2;1;3;11;1;4;10;1;5;9;1;6;8;1;7;12;1;13;14;
0;0;15;0;1;14;0;2;13;0;3;12;0;4;11;0;5;10;0;6;9;0;7;8;1;1;2;1;3;4;1;5;6;1;7;9;1;8;10;1;11;12;1;13;14;
0;0;15;0;1;14;0;2;13;0;3;12;0;4;11;0;5;10;0;6;9;0;7;8;1;1;2;1;3;4;1;5;9;1;6;8;1;7;10;1;11;12;1;13;14;
0;0;15;0;1;14;0;2;13;0;3;12;0;4;11;0;5;10;0;6;9;0;7;8;1;1;2;1;3;11;1;4;12;1;5;6;1;7;9;1;8;10;1;13;14;
0;0;15;0;1;14;0;2;13;0;3;12;0;4;11;0;5;10;0;6;9;0;7;8;1;1;2;1;3;11;1;4;12;1;5;9;1;6;8;1;7;10;1;13;14;
0;0;15;0;1;14;0;2;13;0;3;12;0;4;11;0;5;10;0;6;9;0;7;8;1;1;13;1;2;14;1;3;4;1;5;11;1;6;10;1;7;9;1;8;12;
0;0;15;0;1;14;0;2;13;0;3;12;0;4;11;0;5;10;0;6;9;0;7;8;1;1;13;1;2;14;1;3;4;1;5;11;1;6;10;1;7;12;1;8;9;
0;0;15;0;1;14;0;2;13;0;3;12;0;4;11;0;5;10;0;6;9;0;7;8;1;1;13;1;2;14;1;3;4;1;5;11;1;6;7;1;8;12;1;9;10;
0;0;15;0;1;14;0;2;13;0;3;12;0;4;11;0;5;10;0;6;9;0;7;8;1;1;13;1;2;14;1;3;11;1;4;10;1;5;9;1;6;8;1;7;12;
0;0;15;0;1;14;0;2;13;0;3;12;0;4;11;0;5;10;0;6;9;0;7;8;1;1;13;1;2;14;1;3;11;1;4;12;1;5;6;1;7;9;1;8;10;
0;0;15;0;1;14;0;2;13;0;3;12;0;4;11;0;5;10;0;6;9;0;7;8;1;1;13;1;2;14;1;3;11;1;4;12;1;5;9;1;6;8;1;7;10;
0;0;15;0;1;14;0;2;13;0;3;12;0;4;11;0;5;10;0;6;9;0;7;8;1;0;1;1;2;14;1;3;13;1;4;12;1;5;11;1;6;10;1;7;9;
0;0;15;0;1;14;0;2;13;0;3;12;0;4;11;0;5;10;0;6;9;0;7;8;1;0;1;1;2;14;1;3;13;1;4;12;1;5;11;1;6;7;1;9;10;
0;0;15;0;1;14;0;2;13;0;3;12;0;4;11;0;5;10;0;6;9;0;7;8;1;0;1;1;2;14;1;3;13;1;4;12;1;5;6;1;7;9;1;10;11;
0;0;15;0;1;14;0;2;13;0;3;12;0;4;11;0;5;10;0;6;9;0;7;8;1;0;1;1;2;14;1;3;13;1;4;12;1;5;9;1;6;7;1;10;11;
0;0;15;0;1;14;0;2;13;0;3;12;0;4;11;0;5;10;0;6;9;0;7;8;1;0;1;1;2;14;1;3;13;1;4;5;1;6;10;1;7;9;1;11;12;
0;0;15;0;1;14;0;2;13;0;3;12;0;4;11;0;5;10;0;6;9;0;7;8;1;0;1;1;2;14;1;3;13;1;4;5;1;6;7;1;9;10;1;11;12;
0;0;15;0;1;14;0;2;13;0;3;12;0;4;11;0;5;10;0;6;9;0;7;8;1;0;1;1;2;14;1;3;13;1;4;10;1;5;6;1;7;9;1;11;12;
0;0;15;0;1;14;0;2;13;0;3;12;0;4;11;0;5;10;0;6;9;0;7;8;1;0;1;1;2;14;1;3;13;1;4;10;1;5;9;1;6;7;1;11;12;
0;0;15;0;1;14;0;2;13;0;3;12;0;4;11;0;5;10;0;6;9;0;7;8;1;0;1;1;2;14;1;3;4;1;5;11;1;6;10;1;7;9;1;12;13;
0;0;15;0;1;14;0;2;13;0;3;12;0;4;11;0;5;10;0;6;9;0;7;8;1;0;1;1;2;14;1;3;4;1;5;11;1;6;7;1;9;10;1;12;13;
0;0;15;0;1;14;0;2;13;0;3;12;0;4;11;0;5;10;0;6;9;0;7;8;1;0;1;1;2;14;1;3;4;1;5;6;1;7;9;1;10;11;1;12;13;
0;0;15;0;1;14;0;2;13;0;3;12;0;4;11;0;5;10;0;6;9;0;7;8;1;0;1;1;2;14;1;3;4;1;5;9;1;6;7;1;10;11;1;12;13;
0;0;15;0;1;14;0;2;13;0;3;12;0;4;11;0;5;10;0;6;9;0;7;8;1;0;1;1;2;14;1;3;11;1;4;5;1;6;10;1;7;9;1;12;13;
0;0;15;0;1;14;0;2;13;0;3;12;0;4;11;0;5;10;0;6;9;0;7;8;1;0;1;1;2;14;1;3;11;1;4;5;1;6;7;1;9;10;1;12;13;
0;0;15;0;1;14;0;2;13;0;3;12;0;4;11;0;5;10;0;6;9;0;7;8;1;0;1;1;2;14;1;3;11;1;4;10;1;5;6;1;7;9;1;12;13;
0;0;15;0;1;14;0;2;13;0;3;12;0;4;11;0;5;10;0;6;9;0;7;8;1;0;1;1;2;3;1;4;12;1;5;11;1;6;10;1;7;9;1;13;14;
0;0;15;0;1;14;0;2;13;0;3;12;0;4;11;0;5;10;0;6;9;0;7;8;1;0;1;1;2;3;1;4;12;1;5;11;1;6;7;1;9;10;1;13;14;
0;0;15;0;1;14;0;2;13;0;3;12;0;4;11;0;5;10;0;6;9;0;7;8;1;0;1;1;2;3;1;4;12;1;5;6;1;7;9;1;10;11;1;13;14;
0;0;15;0;1;14;0;2;13;0;3;12;0;4;11;0;5;10;0;6;9;0;7;8;1;0;1;1;2;3;1;4;5;1;6;10;1;7;9;1;11;12;1;13;14;
0;0;15;0;1;14;0;2;13;0;3;12;0;4;11;0;5;10;0;6;9;0;7;8;1;0;1;1;2;3;1;4;5;1;6;7;1;9;10;1;11;12;1;13;14;
0;0;15;0;1;14;0;2;13;0;3;12;0;4;11;0;5;10;0;6;9;0;7;8;1;0;1;1;2;3;1;4;10;1;5;6;1;7;9;1;11;12;1;13;14;
0;0;15;0;1;14;0;2;13;0;3;12;0;4;11;0;5;10;0;6;9;0;7;8;1;0;1;1;2;12;1;3;4;1;5;11;1;6;10;1;7;9;1;13;14;
0;0;15;0;1;14;0;2;13;0;3;12;0;4;11;0;5;10;0;6;9;0;7;8;1;0;1;1;2;12;1;3;4;1;5;11;1;6;7;1;9;10;1;13;14;
0;0;15;0;1;14;0;2;13;0;3;12;0;4;11;0;5;10;0;6;9;0;7;8;1;0;1;1;2;12;1;3;4;1;5;6;1;7;9;1;10;11;1;13;14;
0;0;15;0;1;14;0;2;13;0;3;12;0;4;11;0;5;10;0;6;9;0;7;8;1;0;1;1;2;12;1;3;11;1;4;5;1;6;10;1;7;9;1;13;14;
0;0;15;0;1;14;0;2;13;0;3;12;0;4;11;0;5;10;0;6;9;0;7;8;1;0;1;1;2;12;1;3;11;1;4;10;1;5;6;1;7;9;1;13;14;
0;0;15;0;1;14;0;2;13;0;3;12;0;4;11;0;5;10;0;6;9;0;7;8;1;0;14;1;1;2;1;3;13;1;4;12;1;5;11;1;6;10;1;7;9;
0;0;15;0;1;14;0;2;13;0;3;12;0;4;11;0;5;10;0;6;9;0;7;8;1;0;14;1;1;2;1;3;13;1;4;12;1;5;6;1;7;9;1;10;11;
0;0;15;0;1;14;0;2;13;0;3;12;0;4;11;0;5;10;0;6;9;0;7;8;1;0;14;1;1;2;1;3;13;1;4;5;1;6;10;1;7;9;1;11;12;
0;0;15;0;1;14;0;2;13;0;3;12;0;4;11;0;5;10;0;6;9;0;7;8;1;0;14;1;1;2;1;3;13;1;4;10;1;5;6;1;7;9;1;11;12;
0;0;15;0;1;14;0;2;13;0;3;12;0;4;11;0;5;10;0;6;9;0;7;8;1;0;14;1;1;2;1;3;4;1;5;11;1;6;10;1;7;9;1;12;13;
0;0;15;0;1;14;0;2;13;0;3;12;0;4;11;0;5;10;0;6;9;0;7;8;1;0;14;1;1;2;1;3;4;1;5;6;1;7;9;1;10;11;1;12;13;
0;0;15;0;1;14;0;2;13;0;3;12;0;4;11;0;5;10;0;6;9;0;7;8;1;0;14;1;1;2;1;3;11;1;4;5;1;6;10;1;7;9;1;12;13;
0;0;15;0;1;14;0;2;13;0;3;12;0;4;11;0;5;10;0;6;9;0;7;8;1;0;14;1;1;13;1;2;3;1;4;12;1;5;11;1;6;10;1;7;9;
0;0;15;0;1;14;0;2;13;0;3;12;0;4;11;0;5;10;0;6;9;0;7;8;1;0;14;1;1;13;1;2;3;1;4;5;1;6;10;1;7;9;1;11;12;
0;0;15;0;1;14;0;2;13;0;3;12;0;4;11;0;5;10;0;6;9;0;7;8;1;0;14;1;1;13;1;2;12;1;3;4;1;5;11;1;6;10;1;7;9;
0;0;15;0;1;14;0;2;13;0;3;12;0;4;11;0;5;10;0;6;9;0;7;8;1;0;1;1;2;14;1;3;13;1;4;12;1;5;11;1;6;7;1;8;9;
0;0;15;0;1;14;0;2;13;0;3;12;0;4;11;0;5;10;0;6;9;0;7;8;1;0;1;1;2;14;1;3;13;1;4;12;1;5;11;1;6;8;1;7;9;
0;0;15;0;1;14;0;2;13;0;3;12;0;4;11;0;5;10;0;6;9;0;7;8;1;0;1;1;2;14;1;3;13;1;4;5;1;6;7;1;8;9;1;11;12;
0;0;15;0;1;14;0;2;13;0;3;12;0;4;11;0;5;10;0;6;9;0;7;8;1;0;1;1;2;14;1;3;13;1;4;5;1;6;8;1;7;9;1;11;12;
0;0;15;0;1;14;0;2;13;0;3;12;0;4;11;0;5;10;0;6;9;0;7;8;1;0;1;1;2;14;1;3;4;1;5;11;1;6;7;1;8;9;1;12;13;
0;0;15;0;1;14;0;2;13;0;3;12;0;4;11;0;5;10;0;6;9;0;7;8;1;0;1;1;2;14;1;3;4;1;5;11;1;6;8;1;7;9;1;12;13;
0;0;15;0;1;14;0;2;13;0;3;12;0;4;11;0;5;10;0;6;9;0;7;8;1;0;1;1;2;14;1;3;11;1;4;5;1;6;7;1;8;9;1;12;13;
0;0;15;0;1;14;0;2;13;0;3;12;0;4;11;0;5;10;0;6;9;0;7;8;1;0;1;1;2;14;1;3;11;1;4;5;1;6;8;1;7;9;1;12;13;
0;0;15;0;1;14;0;2;13;0;3;12;0;4;11;0;5;10;0;6;9;0;7;8;1;0;1;1;2;3;1;4;12;1;5;11;1;6;7;1;8;9;1;13;14;
0;0;15;0;1;14;0;2;13;0;3;12;0;4;11;0;5;10;0;6;9;0;7;8;1;0;1;1;2;3;1;4;12;1;5;11;1;6;8;1;7;9;1;13;14;
0;0;15;0;1;14;0;2;13;0;3;12;0;4;11;0;5;10;0;6;9;0;7;8;1;0;1;1;2;3;1;4;5;1;6;7;1;8;9;1;11;12;1;13;14;
0;0;15;0;1;14;0;2;13;0;3;12;0;4;11;0;5;10;0;6;9;0;7;8;1;0;1;1;2;3;1;4;5;1;6;8;1;7;9;1;11;12;1;13;14;
0;0;15;0;1;14;0;2;13;0;3;12;0;4;11;0;5;10;0;6;9;0;7;8;1;0;1;1;2;12;1;3;4;1;5;11;1;6;7;1;8;9;1;13;14;
0;0;15;0;1;14;0;2;13;0;3;12;0;4;11;0;5;10;0;6;9;0;7;8;1;0;1;1;2;12;1;3;4;1;5;11;1;6;8;1;7;9;1;13;14;
0;0;15;0;1;14;0;2;13;0;3;12;0;4;11;0;5;10;0;6;9;0;7;8;1;0;14;1;1;2;1;3;13;1;4;12;1;5;11;1;6;7;1;8;9;
0;0;15;0;1;14;0;2;13;0;3;12;0;4;11;0;5;10;0;6;9;0;7;8;1;0;14;1;1;2;1;3;13;1;4;12;1;5;11;1;6;8;1;7;9;
0;0;15;0;1;14;0;2;13;0;3;12;0;4;11;0;5;10;0;6;9;0;7;8;1;0;14;1;1;2;1;3;4;1;5;11;1;6;7;1;8;9;1;12;13;
0;0;15;0;1;14;0;2;13;0;3;12;0;4;11;0;5;10;0;6;9;0;7;8;1;0;14;1;1;2;1;3;4;1;5;11;1;6;8;1;7;9;1;12;13;
0;0;15;0;1;14;0;2;13;0;3;12;0;4;11;0;5;10;0;6;9;0;7;8;1;0;14;1;1;13;1;2;3;1;4;12;1;5;11;1;6;7;1;8;9;
0;0;15;0;1;14;0;2;13;0;3;12;0;4;11;0;5;10;0;6;9;0;7;8;1;0;14;1;1;13;1;2;3;1;4;12;1;5;11;1;6;8;1;7;9;
0;0;15;0;1;14;0;2;13;0;3;12;0;4;11;0;5;10;0;6;9;0;7;8;1;0;1;1;2;14;1;3;13;1;4;12;1;5;6;1;7;9;1;8;10;
0;0;15;0;1;14;0;2;13;0;3;12;0;4;11;0;5;10;0;6;9;0;7;8;1;0;1;1;2;14;1;3;13;1;4;12;1;5;9;1;6;8;1;7;10;
0;0;15;0;1;14;0;2;13;0;3;12;0;4;11;0;5;10;0;6;9;0;7;8;1;0;1;1;2;14;1;3;4;1;5;6;1;7;9;1;8;10;1;12;13;
0;0;15;0;1;14;0;2;13;0;3;12;0;4;11;0;5;10;0;6;9;0;7;8;1;0;1;1;2;14;1;3;4;1;5;9;1;6;8;1;7;10;1;12;13;
0;0;15;0;1;14;0;2;13;0;3;12;0;4;11;0;5;10;0;6;9;0;7;8;1;0;1;1;2;3;1;4;12;1;5;6;1;7;9;1;8;10;1;13;14;
0;0;15;0;1;14;0;2;13;0;3;12;0;4;11;0;5;10;0;6;9;0;7;8;1;0;1;1;2;3;1;4;12;1;5;9;1;6;8;1;7;10;1;13;14;
0;0;15;0;1;14;0;2;13;0;3;12;0;4;11;0;5;10;0;6;9;0;7;8;1;0;14;1;1;2;1;3;13;1;4;12;1;5;6;1;7;9;1;8;10;
0;0;15;0;1;14;0;2;13;0;3;12;0;4;11;0;5;10;0;6;9;0;7;8;1;0;14;1;1;2;1;3;13;1;4;12;1;5;9;1;6;8;1;7;10;
0;0;15;0;1;14;0;2;13;0;3;12;0;4;11;0;5;10;0;6;9;0;7;8;1;0;1;1;2;14;1;3;13;1;4;5;1;6;10;1;7;9;
0;0;15;0;1;14;0;2;13;0;3;12;0;4;11;0;5;10;0;6;9;0;7;8;1;0;1;1;2;14;1;3;13;1;4;5;1;6;7;1;9;10;
0;0;15;0;1;14;0;2;13;0;3;12;0;4;11;0;5;10;0;6;9;0;7;8;1;0;1;1;2;14;1;3;13;1;4;10;1;5;6;1;7;9;
0;0;15;0;1;14;0;2;13;0;3;12;0;4;11;0;5;10;0;6;9;0;7;8;1;0;1;1;2;14;1;3;13;1;4;5;1;6;10;1;7;9;1;8;11;
0;0;15;0;1;14;0;2;13;0;3;12;0;4;11;0;5;10;0;6;9;0;7;8;1;0;1;1;2;14;1;3;13;1;4;5;1;6;10;1;7;11;1;8;9;
0;0;15;0;1;14;0;2;13;0;3;12;0;4;11;0;5;10;0;6;9;0;7;8;1;0;1;1;2;14;1;3;13;1;4;5;1;6;7;1;8;11;1;9;10;
0;0;15;0;1;14;0;2;13;0;3;12;0;4;11;0;5;10;0;6;9;0;7;8;1;0;1;1;2;14;1;3;13;1;4;10;1;5;9;1;6;8;1;7;11;
0;0;15;0;1;14;0;2;13;0;3;12;0;4;11;0;5;10;0;6;9;0;7;8;1;0;1;1;2;14;1;3;13;1;4;5;1;6;7;1;8;9;1;10;11;
0;0;15;0;1;14;0;2;13;0;3;12;0;4;11;0;5;10;0;6;9;0;7;8;1;0;1;1;2;14;1;3;13;1;4;5;1;6;8;1;7;9;1;10;11;
0;0;15;0;1;14;0;2;13;0;3;12;0;4;11;0;5;10;0;6;9;0;7;8;1;0;1;1;2;14;1;3;13;1;4;10;1;5;11;1;6;8;1;7;9;
0;0;15;0;1;14;0;2;13;0;3;12;0;4;11;0;5;10;0;6;9;0;7;8;1;0;1;1;2;3;1;4;5;1;6;7;1;9;10;1;13;14;
0;0;15;0;1;14;0;2;13;0;3;12;0;4;11;0;5;10;0;6;9;0;7;8;1;0;1;1;2;3;1;4;10;1;5;6;1;7;9;1;13;14;
0;0;15;0;1;14;0;2;13;0;3;12;0;4;11;0;5;10;0;6;9;0;7;8;1;0;1;1;2;3;1;4;5;1;6;10;1;7;9;1;8;11;1;13;14;
0;0;15;0;1;14;0;2;13;0;3;12;0;4;11;0;5;10;0;6;9;0;7;8;1;0;1;1;2;3;1;4;5;1;6;10;1;7;11;1;8;9;1;13;14;
0;0;15;0;1;14;0;2;13;0;3;12;0;4;11;0;5;10;0;6;9;0;7;8;1;0;1;1;2;3;1;4;5;1;6;7;1;8;11;1;9;10;1;13;14;
0;0;15;0;1;14;0;2;13;0;3;12;0;4;11;0;5;10;0;6;9;0;7;8;1;0;1;1;2;3;1;4;10;1;5;9;1;6;8;1;7;11;1;13;14;
0;0;15;0;1;14;0;2;13;0;3;12;0;4;11;0;5;10;0;6;9;0;7;8;1;0;1;1;2;3;1;4;5;1;6;7;1;8;9;1;10;11;1;13;14;
0;0;15;0;1;14;0;2;13;0;3;12;0;4;11;0;5;10;0;6;9;0;7;8;1;0;1;1;2;3;1;4;5;1;6;8;1;7;9;1;10;11;1;13;14;
0;0;15;0;1;14;0;2;13;0;3;12;0;4;11;0;5;10;0;6;9;0;7;8;1;0;1;1;2;3;1;4;10;1;5;11;1;6;8;1;7;9;1;13;14;
0;0;15;0;1;14;0;2;13;0;3;12;0;4;11;0;5;10;0;6;9;0;7;8;1;0;14;1;1;2;1;3;13;1;4;10;1;5;6;1;7;9;
0;0;15;0;1;14;0;2;13;0;3;12;0;4;11;0;5;10;0;6;9;0;7;8;1;0;14;1;1;2;1;3;13;1;4;5;1;6;10;1;7;9;1;8;11;
0;0;15;0;1;14;0;2;13;0;3;12;0;4;11;0;5;10;0;6;9;0;7;8;1;0;14;1;1;2;1;3;13;1;4;5;1;6;10;1;7;11;1;8;9;
0;0;15;0;1;14;0;2;13;0;3;12;0;4;11;0;5;10;0;6;9;0;7;8;1;0;14;1;1;2;1;3;13;1;4;5;1;6;7;1;8;11;1;9;10;
0;0;15;0;1;14;0;2;13;0;3;12;0;4;11;0;5;10;0;6;9;0;7;8;1;0;14;1;1;2;1;3;13;1;4;10;1;5;9;1;6;8;1;7;11;
0;0;15;0;1;14;0;2;13;0;3;12;0;4;11;0;5;10;0;6;9;0;7;8;1;0;14;1;1;2;1;3;13;1;4;5;1;6;7;1;8;9;1;10;11;
0;0;15;0;1;14;0;2;13;0;3;12;0;4;11;0;5;10;0;6;9;0;7;8;1;0;14;1;1;2;1;3;13;1;4;5;1;6;8;1;7;9;1;10;11;
0;0;15;0;1;14;0;2;13;0;3;12;0;4;11;0;5;10;0;6;9;0;7;8;1;0;14;1;1;2;1;3;13;1;4;10;1;5;11;1;6;8;1;7;9;
0;0;15;0;1;14;0;2;13;0;3;12;0;4;11;0;5;10;0;6;9;0;7;8;1;0;1;1;2;14;1;3;4;1;5;11;1;6;10;1;7;9;
0;0;15;0;1;14;0;2;13;0;3;12;0;4;11;0;5;10;0;6;9;0;7;8;1;0;1;1;2;14;1;3;4;1;5;11;1;6;7;1;9;10;
0;0;15;0;1;14;0;2;13;0;3;12;0;4;11;0;5;10;0;6;9;0;7;8;1;0;1;1;2;14;1;3;4;1;5;6;1;7;9;1;10;11;
0;0;15;0;1;14;0;2;13;0;3;12;0;4;11;0;5;10;0;6;9;0;7;8;1;0;1;1;2;14;1;3;11;1;4;5;1;6;10;1;7;9;
0;0;15;0;1;14;0;2;13;0;3;12;0;4;11;0;5;10;0;6;9;0;7;8;1;0;1;1;2;14;1;3;4;1;5;11;1;6;7;1;8;9;
0;0;15;0;1;14;0;2;13;0;3;12;0;4;11;0;5;10;0;6;9;0;7;8;1;0;1;1;2;14;1;3;4;1;5;11;1;6;8;1;7;9;
0;0;15;0;1;14;0;2;13;0;3;12;0;4;11;0;5;10;0;6;9;0;7;8;1;0;1;1;2;14;1;3;4;1;5;11;1;6;10;1;7;9;1;8;12;
0;0;15;0;1;14;0;2;13;0;3;12;0;4;11;0;5;10;0;6;9;0;7;8;1;0;1;1;2;14;1;3;4;1;5;11;1;6;10;1;7;12;1;8;9;
0;0;15;0;1;14;0;2;13;0;3;12;0;4;11;0;5;10;0;6;9;0;7;8;1;0;1;1;2;14;1;3;4;1;5;11;1;6;7;1;8;12;1;9;10;
0;0;15;0;1;14;0;2;13;0;3;12;0;4;11;0;5;10;0;6;9;0;7;8;1;0;1;1;2;14;1;3;11;1;4;10;1;5;9;1;6;8;1;7;12;
0;0;15;0;1;14;0;2;13;0;3;12;0;4;11;0;5;10;0;6;9;0;7;8;1;0;1;1;2;14;1;3;4;1;5;6;1;7;9;1;8;10;1;11;12;
0;0;15;0;1;14;0;2;13;0;3;12;0;4;11;0;5;10;0;6;9;0;7;8;1;0;1;1;2;14;1;3;4;1;5;9;1;6;8;1;7;10;1;11;12;
0;0;15;0;1;14;0;2;13;0;3;12;0;4;11;0;5;10;0;6;9;0;7;8;1;0;1;1;2;14;1;3;11;1;4;12;1;5;6;1;7;9;1;8;10;
0;0;15;0;1;14;0;2;13;0;3;12;0;4;11;0;5;10;0;6;9;0;7;8;1;0;1;1;2;14;1;3;11;1;4;12;1;5;9;1;6;8;1;7;10;
0;0;15;0;1;14;0;2;13;0;3;12;0;4;11;0;5;10;0;6;9;0;7;8;1;0;1;1;2;14;1;3;13;1;4;12;1;5;11;1;6;10;1;7;9;1;8;15;
0;0;15;0;1;14;0;2;13;0;3;12;0;4;11;0;5;10;0;6;9;0;7;8;1;0;1;1;2;14;1;3;13;1;4;12;1;5;11;1;6;10;1;7;15;1;8;9;
0;0;15;0;1;14;0;2;13;0;3;12;0;4;11;0;5;10;0;6;9;0;7;8;1;0;1;1;2;14;1;3;13;1;4;12;1;5;11;1;6;7;1;8;15;1;9;10;
0;0;15;0;1;14;0;2;13;0;3;12;0;4;11;0;5;10;0;6;9;0;7;8;1;0;1;1;2;14;1;3;13;1;4;12;1;5;11;1;6;8;1;7;15;1;9;10;
0;0;15;0;1;14;0;2;13;0;3;12;0;4;11;0;5;10;0;6;9;0;7;8;1;0;1;1;2;14;1;3;13;1;4;12;1;5;6;1;7;9;1;8;15;1;10;11;
0;0;15;0;1;14;0;2;13;0;3;12;0;4;11;0;5;10;0;6;9;0;7;8;1;0;1;1;2;14;1;3;13;1;4;12;1;5;6;1;7;15;1;8;9;1;10;11;
0;0;15;0;1;14;0;2;13;0;3;12;0;4;11;0;5;10;0;6;9;0;7;8;1;0;1;1;2;14;1;3;13;1;4;12;1;5;9;1;6;8;1;7;15;1;10;11;
0;0;15;0;1;14;0;2;13;0;3;12;0;4;11;0;5;10;0;6;9;0;7;8;1;0;1;1;2;14;1;3;13;1;4;5;1;6;10;1;7;9;1;8;15;1;11;12;
0;0;15;0;1;14;0;2;13;0;3;12;0;4;11;0;5;10;0;6;9;0;7;8;1;0;1;1;2;14;1;3;13;1;4;5;1;6;10;1;7;15;1;8;9;1;11;12;
0;0;15;0;1;14;0;2;13;0;3;12;0;4;11;0;5;10;0;6;9;0;7;8;1;0;1;1;2;14;1;3;13;1;4;5;1;6;7;1;8;15;1;9;10;1;11;12;
0;0;15;0;1;14;0;2;13;0;3;12;0;4;11;0;5;10;0;6;9;0;7;8;1;0;1;1;2;14;1;3;13;1;4;5;1;6;8;1;7;15;1;9;10;1;11;12;
0;0;15;0;1;14;0;2;13;0;3;12;0;4;11;0;5;10;0;6;9;0;7;8;1;0;1;1;2;14;1;3;13;1;4;10;1;5;6;1;7;15;1;8;9;1;11;12;
0;0;15;0;1;14;0;2;13;0;3;12;0;4;11;0;5;10;0;6;9;0;7;8;1;0;1;1;2;14;1;3;4;1;5;11;1;6;7;1;8;15;1;9;10;1;12;13;
0;0;15;0;1;14;0;2;13;0;3;12;0;4;11;0;5;10;0;6;9;0;7;8;1;0;1;1;2;14;1;3;4;1;5;6;1;7;15;1;8;9;1;10;11;1;12;13;
0;0;15;0;1;14;0;2;13;0;3;12;0;4;11;0;5;10;0;6;9;0;7;8;1;0;1;1;2;14;1;3;4;1;5;9;1;6;7;1;8;15;1;10;11;1;12;13;
0;0;15;0;1;14;0;2;13;0;3;12;0;4;11;0;5;10;0;6;9;0;7;8;1;0;1;1;2;14;1;3;11;1;4;5;1;6;10;1;7;15;1;8;9;1;12;13;
0;0;15;0;1;14;0;2;13;0;3;12;0;4;11;0;5;10;0;6;9;0;7;8;1;0;1;1;2;3;1;4;5;1;6;7;1;8;15;1;9;10;1;11;12;1;13;14;
0;0;15;0;1;14;0;2;13;0;3;12;0;4;11;0;5;10;0;6;9;0;7;8;1;0;14;1;1;13;1;2;12;1;3;11;1;4;10;1;5;9;1;6;8;1;7;15;
0;0;15;0;1;14;0;2;13;0;3;12;0;4;11;0;5;10;0;6;9;0;7;8;1;0;1;1;2;14;1;3;13;1;4;5;1;6;10;1;7;9;1;8;11;1;12;15;
0;0;15;0;1;14;0;2;13;0;3;12;0;4;11;0;5;10;0;6;9;0;7;8;1;0;1;1;2;14;1;3;13;1;4;5;1;6;10;1;7;11;1;8;9;1;12;15;
0;0;15;0;1;14;0;2;13;0;3;12;0;4;11;0;5;10;0;6;9;0;7;8;1;0;1;1;2;14;1;3;13;1;4;5;1;6;7;1;8;11;1;9;10;1;12;15;
0;0;15;0;1;14;0;2;13;0;3;12;0;4;11;0;5;10;0;6;9;0;7;8;1;0;1;1;2;14;1;3;13;1;4;10;1;5;9;1;6;8;1;7;11;1;12;15;
0;0;15;0;1;14;0;2;13;0;3;12;0;4;11;0;5;10;0;6;9;0;7;8;1;0;1;1;2;14;1;3;15;1;4;5;1;6;10;1;7;11;1;8;9;1;12;13;
0;0;15;0;1;14;0;2;13;0;3;12;0;4;11;0;5;10;0;6;9;0;7;8;1;0;1;1;2;14;1;3;15;1;4;5;1;6;7;1;8;11;1;9;10;1;12;13;
0;0;15;0;1;14;0;2;13;0;3;12;0;4;11;0;5;10;0;6;9;0;7;8;1;0;1;1;2;14;1;3;15;1;4;10;1;5;9;1;6;8;1;7;11;1;12;13;
0;0;15;0;1;14;0;2;13;0;3;12;0;4;11;0;5;10;0;6;9;0;7;8;1;0;1;1;2;3;1;4;5;1;6;7;1;8;11;1;9;10;1;12;15;1;13;14;
0;0;15;0;1;14;0;2;13;0;3;12;0;4;11;0;5;10;0;6;9;0;7;8;1;0;1;1;2;3;1;4;10;1;5;9;1;6;8;1;7;11;1;12;15;1;13;14;
0;0;15;0;1;14;0;2;13;0;3;12;0;4;11;0;5;10;0;6;9;0;7;8;1;0;14;1;1;13;1;2;12;1;3;15;1;4;10;1;5;9;1;6;8;1;7;11;
0;0;15;0;1;14;0;2;13;0;3;12;0;4;11;0;5;10;0;6;9;0;7;8;1;0;1;1;2;14;1;3;4;1;5;11;1;6;10;1;7;9;1;8;12;1;13;15;
0;0;15;0;1;14;0;2;13;0;3;12;0;4;11;0;5;10;0;6;9;0;7;8;1;0;1;1;2;14;1;3;4;1;5;11;1;6;10;1;7;12;1;8;9;1;13;15;
0;0;15;0;1;14;0;2;13;0;3;12;0;4;11;0;5;10;0;6;9;0;7;8;1;0;1;1;2;14;1;3;4;1;5;11;1;6;7;1;8;12;1;9;10;1;13;15;
0;0;15;0;1;14;0;2;13;0;3;12;0;4;11;0;5;10;0;6;9;0;7;8;1;0;1;1;2;14;1;3;11;1;4;10;1;5;9;1;6;8;1;7;12;1;13;15;
0;0;15;0;1;14;0;2;13;0;3;12;0;4;11;0;5;10;0;6;9;0;7;8;1;0;14;1;1;13;1;2;15;1;3;4;1;5;11;1;6;10;1;7;9;1;8;12;
0;0;15;0;1;14;0;2;13;0;3;12;0;4;11;0;5;10;0;6;9;0;7;8;1;0;14;1;1;13;1;2;15;1;3;4;1;5;11;1;6;10;1;7;12;1;8;9;
0;0;15;0;1;14;0;2;13;0;3;12;0;4;11;0;5;10;0;6;9;0;7;8;1;0;14;1;1;13;1;2;15;1;3;4;1;5;11;1;6;7;1;8;12;1;9;10;
0;0;15;0;1;14;0;2;13;0;3;12;0;4;11;0;5;10;0;6;9;0;7;8;1;0;14;1;1;13;1;2;15;1;3;11;1;4;10;1;5;9;1;6;8;1;7;12;
0;0;15;0;1;14;0;2;13;0;3;12;0;4;11;0;5;10;0;6;9;0;7;8;1;0;1;1;2;3;1;4;12;1;5;11;1;6;10;1;7;9;1;8;13;1;14;15;
0;0;15;0;1;14;0;2;13;0;3;12;0;4;11;0;5;10;0;6;9;0;7;8;1;0;1;1;2;3;1;4;12;1;5;11;1;6;10;1;7;13;1;8;9;1;14;15;
0;0;15;0;1;14;0;2;13;0;3;12;0;4;11;0;5;10;0;6;9;0;7;8;1;0;1;1;2;3;1;4;12;1;5;11;1;6;7;1;8;13;1;9;10;1;14;15;
0;0;15;0;1;14;0;2;13;0;3;12;0;4;11;0;5;10;0;6;9;0;7;8;1;0;1;1;2;3;1;4;12;1;5;11;1;6;8;1;7;13;1;9;10;1;14;15;
0;0;15;0;1;14;0;2;13;0;3;12;0;4;11;0;5;10;0;6;9;0;7;8;1;0;1;1;2;3;1;4;12;1;5;6;1;7;9;1;8;13;1;10;11;1;14;15;
0;0;15;0;1;14;0;2;13;0;3;12;0;4;11;0;5;10;0;6;9;0;7;8;1;0;1;1;2;3;1;4;12;1;5;6;1;7;13;1;8;9;1;10;11;1;14;15;
0;0;15;0;1;14;0;2;13;0;3;12;0;4;11;0;5;10;0;6;9;0;7;8;1;0;1;1;2;3;1;4;5;1;6;7;1;8;13;1;9;10;1;11;12;1;14;15;
0;0;15;0;1;14;0;2;13;0;3;12;0;4;11;0;5;10;0;6;9;0;7;8;1;0;1;1;2;12;1;3;11;1;4;10;1;5;9;1;6;8;1;7;13;1;14;15;
0;0;15;0;1;14;0;2;13;0;3;12;0;4;11;0;5;10;0;6;9;0;7;8;1;0;1;1;2;3;1;4;12;1;5;6;1;7;9;1;8;10;1;11;13;1;14;15;
0;0;15;0;1;14;0;2;13;0;3;12;0;4;11;0;5;10;0;6;9;0;7;8;1;0;1;1;2;3;1;4;12;1;5;9;1;6;8;1;7;10;1;11;13;1;14;15;
0;0;15;0;1;14;0;2;13;0;3;12;0;4;11;0;5;10;0;6;9;0;7;8;1;0;1;1;2;12;1;3;11;1;4;13;1;5;9;1;6;8;1;7;10;1;14;15;
0;0;15;0;1;14;0;2;13;0;3;12;0;4;11;0;5;10;0;6;9;0;7;8;1;0;1;1;2;3;1;4;5;1;6;10;1;7;9;1;8;11;1;12;13;1;14;15;
0;0;15;0;1;14;0;2;13;0;3;12;0;4;11;0;5;10;0;6;9;0;7;8;1;0;1;1;2;3;1;4;5;1;6;10;1;7;11;1;8;9;1;12;13;1;14;15;
0;0;15;0;1;14;0;2;13;0;3;12;0;4;11;0;5;10;0;6;9;0;7;8;1;0;1;1;2;3;1;4;5;1;6;7;1;8;11;1;9;10;1;12;13;1;14;15;
0;0;15;0;1;14;0;2;13;0;3;12;0;4;11;0;5;10;0;6;9;0;7;8;1;0;1;1;2;3;1;4;10;1;5;9;1;6;8;1;7;11;1;12;13;1;14;15;
0;0;15;0;1;14;0;2;13;0;3;12;0;4;11;0;5;10;0;6;9;0;7;8;1;0;1;1;2;3;1;4;5;1;6;7;1;8;9;1;10;11;1;12;13;1;14;15;
0;0;15;0;1;14;0;2;13;0;3;12;0;4;11;0;5;10;0;6;9;0;7;8;1;0;1;1;2;3;1;4;5;1;6;8;1;7;9;1;10;11;1;12;13;1;14;15;
0;0;15;0;1;14;0;2;13;0;3;12;0;4;11;0;5;10;0;6;9;0;7;8;1;0;1;1;2;3;1;4;10;1;5;11;1;6;8;1;7;9;1;12;13;1;14;15;
0;0;15;0;1;14;0;2;13;0;3;12;0;4;11;0;5;10;0;6;9;0;7;8;1;0;1;1;2;12;1;3;13;1;4;5;1;6;10;1;7;9;1;8;11;1;14;15;
0;0;15;0;1;14;0;2;13;0;3;12;0;4;11;0;5;10;0;6;9;0;7;8;1;0;1;1;2;12;1;3;13;1;4;5;1;6;10;1;7;11;1;8;9;1;14;15;
0;0;15;0;1;14;0;2;13;0;3;12;0;4;11;0;5;10;0;6;9;0;7;8;1;0;1;1;2;12;1;3;13;1;4;5;1;6;7;1;8;11;1;9;10;1;14;15;
0;0;15;0;1;14;0;2;13;0;3;12;0;4;11;0;5;10;0;6;9;0;7;8;1;0;1;1;2;12;1;3;13;1;4;10;1;5;9;1;6;8;1;7;11;1;14;15;
0;0;15;0;1;14;0;2;13;0;3;12;0;4;11;0;5;10;0;6;9;0;7;8;1;0;1;1;2;12;1;3;13;1;4;10;1;5;11;1;6;8;1;7;9;1;14;15;
0;0;15;0;1;14;0;2;13;0;3;12;0;4;11;0;5;10;0;6;9;0;7;8;1;0;14;1;1;15;1;2;3;1;4;12;1;5;11;1;6;10;1;7;9;1;8;13;
0;0;15;0;1;14;0;2;13;0;3;12;0;4;11;0;5;10;0;6;9;0;7;8;1;0;14;1;1;15;1;2;3;1;4;12;1;5;11;1;6;10;1;7;13;1;8;9;
0;0;15;0;1;14;0;2;13;0;3;12;0;4;11;0;5;10;0;6;9;0;7;8;1;0;14;1;1;15;1;2;3;1;4;12;1;5;11;1;6;7;1;8;13;1;9;10;
0;0;15;0;1;14;0;2;13;0;3;12;0;4;11;0;5;10;0;6;9;0;7;8;1;0;14;1;1;15;1;2;3;1;4;12;1;5;11;1;6;8;1;7;13;1;9;10;
0;0;15;0;1;14;0;2;13;0;3;12;0;4;11;0;5;10;0;6;9;0;7;8;1;0;14;1;1;15;1;2;3;1;4;12;1;5;6;1;7;9;1;8;13;1;10;11;
0;0;15;0;1;14;0;2;13;0;3;12;0;4;11;0;5;10;0;6;9;0;7;8;1;0;14;1;1;15;1;2;3;1;4;12;1;5;6;1;7;13;1;8;9;1;10;11;
0;0;15;0;1;14;0;2;13;0;3;12;0;4;11;0;5;10;0;6;9;0;7;8;1;0;14;1;1;15;1;2;3;1;4;5;1;6;7;1;8;13;1;9;10;1;11;12;
0;0;15;0;1;14;0;2;13;0;3;12;0;4;11;0;5;10;0;6;9;0;7;8;1;0;14;1;1;15;1;2;12;1;3;11;1;4;10;1;5;9;1;6;8;1;7;13;
0;0;15;0;1;14;0;2;13;0;3;12;0;4;11;0;5;10;0;6;9;0;7;8;1;0;14;1;1;15;1;2;3;1;4;12;1;5;6;1;7;9;1;8;10;1;11;13;
0;0;15;0;1;14;0;2;13;0;3;12;0;4;11;0;5;10;0;6;9;0;7;8;1;0;14;1;1;15;1;2;3;1;4;12;1;5;9;1;6;8;1;7;10;1;11;13;
0;0;15;0;1;14;0;2;13;0;3;12;0;4;11;0;5;10;0;6;9;0;7;8;1;0;14;1;1;15;1;2;12;1;3;11;1;4;13;1;5;9;1;6;8;1;7;10;
0;0;15;0;1;14;0;2;13;0;3;12;0;4;11;0;5;10;0;6;9;0;7;8;1;0;14;1;1;15;1;2;12;1;3;13;1;4;5;1;6;10;1;7;9;1;8;11;
0;0;15;0;1;14;0;2;13;0;3;12;0;4;11;0;5;10;0;6;9;0;7;8;1;0;14;1;1;15;1;2;12;1;3;13;1;4;5;1;6;10;1;7;11;1;8;9;
0;0;15;0;1;14;0;2;13;0;3;12;0;4;11;0;5;10;0;6;9;0;7;8;1;0;14;1;1;15;1;2;12;1;3;13;1;4;5;1;6;7;1;8;11;1;9;10;
0;0;15;0;1;14;0;2;13;0;3;12;0;4;11;0;5;10;0;6;9;0;7;8;1;0;14;1;1;15;1;2;12;1;3;13;1;4;10;1;5;9;1;6;8;1;7;11;
0;0;15;0;1;14;0;2;13;0;3;12;0;4;11;0;5;10;0;6;9;0;7;8;1;0;14;1;1;15;1;2;12;1;3;13;1;4;10;1;5;11;1;6;8;1;7;9;
