0;0;12;0;1;11;0;2;10;0;3;9;0;4;8;0;5;7;1;0;1;1;2;11;1;3;10;1;4;9;1;5;8;1;7;12;
0;0;12;0;1;11;0;2;10;0;3;9;0;4;8;0;5;7;1;0;1;1;2;11;1;3;10;1;4;9;1;5;12;1;7;8;
0;0;12;0;1;11;0;2;10;0;3;9;0;4;8;0;5;7;1;0;1;1;2;11;1;3;10;1;4;5;1;7;12;1;8;9;
0;0;12;0;1;11;0;2;10;0;3;9;0;4;8;0;5;7;1;0;1;1;2;11;1;3;10;1;4;7;1;5;12;1;8;9;
0;0;12;0;1;11;0;2;10;0;3;9;0;4;8;0;5;7;1;0;1;1;2;11;1;3;4;1;5;8;1;7;12;1;9;10;
0;0;12;0;1;11;0;2;10;0;3;9;0;4;8;0;5;7;1;0;1;1;2;11;1;3;4;1;5;12;1;7;8;1;9;10;
0;0;12;0;1;11;0;2;10;0;3;9;0;4;8;0;5;7;1;0;1;1;2;3;1;4;5;1;7;12;1;8;9;1;10;11;
0;0;12;0;1;11;0;2;10;0;3;9;0;4;8;0;5;7;1;0;11;1;1;10;1;2;9;1;3;8;1;4;7;1;5;12;
0;0;12;0;1;11;0;2;10;0;3;9;0;4;8;0;5;7;1;0;1;1;2;11;1;3;4;1;5;8;1;7;9;1;10;12;
0;0;12;0;1;11;0;2;10;0;3;9;0;4;8;0;5;7;1;0;1;1;2;11;1;3;8;1;4;7;1;5;9;1;10;12;
0;0;12;0;1;11;0;2;10;0;3;9;0;4;8;0;5;7;1;0;11;1;1;10;1;2;12;1;3;8;1;4;7;1;5;9;
0;0;12;0;1;11;0;2;10;0;3;9;0;4;8;0;5;7;1;0;1;1;2;3;1;4;9;1;5;8;1;7;10;1;11;12;
0;0;12;0;1;11;0;2;10;0;3;9;0;4;8;0;5;7;1;0;1;1;2;3;1;4;9;1;5;10;1;7;8;1;11;12;
0;0;12;0;1;11;0;2;10;0;3;9;0;4;8;0;5;7;1;0;1;1;2;3;1;4;5;1;7;10;1;8;9;1;11;12;
0;0;12;0;1;11;0;2;10;0;3;9;0;4;8;0;5;7;1;0;1;1;2;9;1;3;8;1;4;7;1;5;10;1;11;12;
0;0;12;0;1;11;0;2;10;0;3;9;0;4;8;0;5;7;1;0;1;1;2;3;1;4;5;1;7;8;1;9;10;1;11;12;
0;0;12;0;1;11;0;2;10;0;3;9;0;4;8;0;5;7;1;0;1;1;2;3;1;4;7;1;5;8;1;9;10;1;11;12;
0;0;12;0;1;11;0;2;10;0;3;9;0;4;8;0;5;7;1;0;1;1;2;9;1;3;10;1;4;7;1;5;8;1;11;12;
0;0;12;0;1;11;0;2;10;0;3;9;0;4;8;0;5;7;1;0;11;1;1;12;1;2;3;1;4;9;1;5;8;1;7;10;
0;0;12;0;1;11;0;2;10;0;3;9;0;4;8;0;5;7;1;0;11;1;1;12;1;2;3;1;4;9;1;5;10;1;7;8;
0;0;12;0;1;11;0;2;10;0;3;9;0;4;8;0;5;7;1;0;11;1;1;12;1;2;3;1;4;5;1;7;10;1;8;9;
0;0;12;0;1;11;0;2;10;0;3;9;0;4;8;0;5;7;1;0;11;1;1;12;1;2;9;1;3;8;1;4;7;1;5;10;
0;0;12;0;1;11;0;2;10;0;3;9;0;4;8;0;5;7;1;0;11;1;1;12;1;2;9;1;3;10;1;4;7;1;5;8;
0;0;12;0;1;11;0;2;10;0;3;9;0;4;8;0;5;7;1;0;6;1;1;12;1;2;11;1;3;10;1;4;9;1;5;8;
0;0;12;0;1;11;0;2;10;0;3;9;0;4;8;0;5;7;1;0;6;1;1;12;1;2;11;1;3;10;1;4;5;1;8;9;
0;0;12;0;1;11;0;2;10;0;3;9;0;4;8;0;5;7;1;0;6;1;1;12;1;2;11;1;3;4;1;5;8;1;9;10;
0;0;12;0;1;11;0;2;10;0;3;9;0;4;8;0;5;7;1;0;6;1;1;12;1;2;11;1;3;8;1;4;5;1;9;10;
0;0;12;0;1;11;0;2;10;0;3;9;0;4;8;0;5;7;1;0;6;1;1;12;1;2;3;1;4;9;1;5;8;1;10;11;
0;0;12;0;1;11;0;2;10;0;3;9;0;4;8;0;5;7;1;0;6;1;1;12;1;2;3;1;4;5;1;8;9;1;10;11;
0;0;12;0;1;11;0;2;10;0;3;9;0;4;8;0;5;7;1;0;6;1;1;12;1;2;9;1;3;4;1;5;8;1;10;11;
0;0;12;0;1;11;0;2;10;0;3;9;0;4;8;0;5;7;1;0;6;1;1;12;1;2;9;1;3;8;1;4;5;1;10;11;
0;0;12;0;1;11;0;2;10;0;3;9;0;4;8;0;5;7;1;0;6;1;1;2;1;3;10;1;4;9;1;5;8;1;11;12;
0;0;12;0;1;11;0;2;10;0;3;9;0;4;8;0;5;7;1;0;6;1;1;2;1;3;10;1;4;5;1;8;9;1;11;12;
0;0;12;0;1;11;0;2;10;0;3;9;0;4;8;0;5;7;1;0;6;1;1;2;1;3;4;1;5;8;1;9;10;1;11;12;
0;0;12;0;1;11;0;2;10;0;3;9;0;4;8;0;5;7;1;0;6;1;1;2;1;3;8;1;4;5;1;9;10;1;11;12;
0;0;12;0;1;11;0;2;10;0;3;9;0;4;8;0;5;7;1;0;6;1;1;10;1;2;3;1;4;9;1;5;8;1;11;12;
0;0;12;0;1;11;0;2;10;0;3;9;0;4;8;0;5;7;1;0;6;1;1;10;1;2;3;1;4;5;1;8;9;1;11;12;
0;0;12;0;1;11;0;2;10;0;3;9;0;4;8;0;5;7;1;0;6;1;1;10;1;2;9;1;3;4;1;5;8;1;11;12;
0;0;12;0;1;11;0;2;10;0;3;9;0;4;8;0;5;7;1;0;6;1;1;10;1;2;9;1;3;8;1;4;5;1;11;12;
0;0;12;0;1;11;0;2;10;0;3;9;0;4;8;0;5;7;1;0;1;1;2;11;1;3;10;1;4;9;1;5;8;1;6;12;
0;0;12;0;1;11;0;2;10;0;3;9;0;4;8;0;5;7;1;0;1;1;2;11;1;3;10;1;4;5;1;6;12;1;8;9;
0;0;12;0;1;11;0;2;10;0;3;9;0;4;8;0;5;7;1;0;1;1;2;11;1;3;4;1;5;8;1;6;12;1;9;10;
0;0;12;0;1;11;0;2;10;0;3;9;0;4;8;0;5;7;1;0;1;1;2;11;1;3;8;1;4;5;1;6;12;1;9;10;
0;0;12;0;1;11;0;2;10;0;3;9;0;4;8;0;5;7;1;0;1;1;2;3;1;4;9;1;5;8;1;6;12;1;10;11;
0;0;12;0;1;11;0;2;10;0;3;9;0;4;8;0;5;7;1;0;1;1;2;3;1;4;5;1;6;12;1;8;9;1;10;11;
0;0;12;0;1;11;0;2;10;0;3;9;0;4;8;0;5;7;1;0;1;1;2;9;1;3;4;1;5;8;1;6;12;1;10;11;
0;0;12;0;1;11;0;2;10;0;3;9;0;4;8;0;5;7;1;0;1;1;2;9;1;3;8;1;4;5;1;6;12;1;10;11;
0;0;12;0;1;11;0;2;10;0;3;9;0;4;8;0;5;7;1;0;11;1;1;2;1;3;10;1;4;9;1;5;8;1;6;12;
0;0;12;0;1;11;0;2;10;0;3;9;0;4;8;0;5;7;1;0;11;1;1;2;1;3;10;1;4;5;1;6;12;1;8;9;
0;0;12;0;1;11;0;2;10;0;3;9;0;4;8;0;5;7;1;0;11;1;1;2;1;3;4;1;5;8;1;6;12;1;9;10;
0;0;12;0;1;11;0;2;10;0;3;9;0;4;8;0;5;7;1;0;11;1;1;2;1;3;8;1;4;5;1;6;12;1;9;10;
0;0;12;0;1;11;0;2;10;0;3;9;0;4;8;0;5;7;1;0;11;1;1;10;1;2;3;1;4;9;1;5;8;1;6;12;
0;0;12;0;1;11;0;2;10;0;3;9;0;4;8;0;5;7;1;0;11;1;1;10;1;2;3;1;4;5;1;6;12;1;8;9;
0;0;12;0;1;11;0;2;10;0;3;9;0;4;8;0;5;7;1;0;11;1;1;10;1;2;9;1;3;4;1;5;8;1;6;12;
0;0;12;0;1;11;0;2;10;0;3;9;0;4;8;0;5;7;1;0;11;1;1;10;1;2;9;1;3;8;1;4;5;1;6;12;
0;0;12;0;1;11;0;2;10;0;3;9;0;4;8;0;5;7;1;0;6;1;1;12;1;2;11;1;3;10;1;4;5;1;7;8;
0;0;12;0;1;11;0;2;10;0;3;9;0;4;8;0;5;7;1;0;6;1;1;12;1;2;11;1;3;10;1;4;7;1;5;8;
0;0;12;0;1;11;0;2;10;0;3;9;0;4;8;0;5;7;1;0;6;1;1;12;1;2;3;1;4;5;1;7;8;1;10;11;
0;0;12;0;1;11;0;2;10;0;3;9;0;4;8;0;5;7;1;0;6;1;1;12;1;2;3;1;4;7;1;5;8;1;10;11;
0;0;12;0;1;11;0;2;10;0;3;9;0;4;8;0;5;7;1;0;6;1;1;2;1;3;10;1;4;5;1;7;8;1;11;12;
0;0;12;0;1;11;0;2;10;0;3;9;0;4;8;0;5;7;1;0;6;1;1;2;1;3;10;1;4;7;1;5;8;1;11;12;
0;0;12;0;1;11;0;2;10;0;3;9;0;4;8;0;5;7;1;0;6;1;1;10;1;2;3;1;4;5;1;7;8;1;11;12;
0;0;12;0;1;11;0;2;10;0;3;9;0;4;8;0;5;7;1;0;6;1;1;10;1;2;3;1;4;7;1;5;8;1;11;12;
0;0;12;0;1;11;0;2;10;0;3;9;0;4;8;0;5;7;1;0;1;1;2;11;1;3;10;1;4;5;1;6;12;1;7;8;
0;0;12;0;1;11;0;2;10;0;3;9;0;4;8;0;5;7;1;0;1;1;2;11;1;3;10;1;4;7;1;5;8;1;6;12;
0;0;12;0;1;11;0;2;10;0;3;9;0;4;8;0;5;7;1;0;1;1;2;3;1;4;5;1;6;12;1;7;8;1;10;11;
0;0;12;0;1;11;0;2;10;0;3;9;0;4;8;0;5;7;1;0;1;1;2;3;1;4;7;1;5;8;1;6;12;1;10;11;
0;0;12;0;1;11;0;2;10;0;3;9;0;4;8;0;5;7;1;0;11;1;1;2;1;3;10;1;4;5;1;6;12;1;7;8;
0;0;12;0;1;11;0;2;10;0;3;9;0;4;8;0;5;7;1;0;11;1;1;2;1;3;10;1;4;7;1;5;8;1;6;12;
0;0;12;0;1;11;0;2;10;0;3;9;0;4;8;0;5;7;1;0;11;1;1;10;1;2;3;1;4;5;1;6;12;1;7;8;
0;0;12;0;1;11;0;2;10;0;3;9;0;4;8;0;5;7;1;0;11;1;1;10;1;2;3;1;4;7;1;5;8;1;6;12;
0;0;12;0;1;11;0;2;10;0;3;9;0;4;8;0;5;7;1;0;6;1;1;12;1;2;11;1;3;4;1;5;8;
0;0;12;0;1;11;0;2;10;0;3;9;0;4;8;0;5;7;1;0;6;1;1;12;1;2;11;1;3;4;1;5;8;1;7;9;
0;0;12;0;1;11;0;2;10;0;3;9;0;4;8;0;5;7;1;0;6;1;1;12;1;2;11;1;3;8;1;4;7;1;5;9;
0;0;12;0;1;11;0;2;10;0;3;9;0;4;8;0;5;7;1;0;6;1;1;2;1;3;4;1;5;8;1;11;12;
0;0;12;0;1;11;0;2;10;0;3;9;0;4;8;0;5;7;1;0;6;1;1;2;1;3;4;1;5;8;1;7;9;1;11;12;
0;0;12;0;1;11;0;2;10;0;3;9;0;4;8;0;5;7;1;0;6;1;1;2;1;3;8;1;4;7;1;5;9;1;11;12;
0;0;12;0;1;11;0;2;10;0;3;9;0;4;8;0;5;7;1;0;1;1;2;11;1;3;4;1;5;8;1;6;12;
0;0;12;0;1;11;0;2;10;0;3;9;0;4;8;0;5;7;1;0;1;1;2;11;1;3;4;1;5;8;1;6;12;1;7;9;
0;0;12;0;1;11;0;2;10;0;3;9;0;4;8;0;5;7;1;0;1;1;2;11;1;3;8;1;4;7;1;5;9;1;6;12;
0;0;12;0;1;11;0;2;10;0;3;9;0;4;8;0;5;7;1;0;11;1;1;2;1;3;4;1;5;8;1;6;12;
0;0;12;0;1;11;0;2;10;0;3;9;0;4;8;0;5;7;1;0;11;1;1;2;1;3;4;1;5;8;1;6;12;1;7;9;
0;0;12;0;1;11;0;2;10;0;3;9;0;4;8;0;5;7;1;0;11;1;1;2;1;3;8;1;4;7;1;5;9;1;6;12;
0;0;12;0;1;11;0;2;10;0;3;9;0;4;8;0;5;7;1;0;6;1;1;12;1;2;3;1;4;9;1;5;8;
0;0;12;0;1;11;0;2;10;0;3;9;0;4;8;0;5;7;1;0;6;1;1;12;1;2;3;1;4;5;1;8;9;
0;0;12;0;1;11;0;2;10;0;3;9;0;4;8;0;5;7;1;0;6;1;1;12;1;2;9;1;3;4;1;5;8;
0;0;12;0;1;11;0;2;10;0;3;9;0;4;8;0;5;7;1;0;6;1;1;12;1;2;3;1;4;9;1;5;8;1;7;10;
0;0;12;0;1;11;0;2;10;0;3;9;0;4;8;0;5;7;1;0;6;1;1;12;1;2;3;1;4;9;1;5;10;1;7;8;
0;0;12;0;1;11;0;2;10;0;3;9;0;4;8;0;5;7;1;0;6;1;1;12;1;2;3;1;4;5;1;7;10;1;8;9;
0;0;12;0;1;11;0;2;10;0;3;9;0;4;8;0;5;7;1;0;6;1;1;12;1;2;9;1;3;8;1;4;7;1;5;10;
0;0;12;0;1;11;0;2;10;0;3;9;0;4;8;0;5;7;1;0;6;1;1;12;1;2;3;1;4;5;1;7;8;1;9;10;
0;0;12;0;1;11;0;2;10;0;3;9;0;4;8;0;5;7;1;0;6;1;1;12;1;2;3;1;4;7;1;5;8;1;9;10;
0;0;12;0;1;11;0;2;10;0;3;9;0;4;8;0;5;7;1;0;6;1;1;12;1;2;9;1;3;10;1;4;7;1;5;8;
0;0;12;0;1;11;0;2;10;0;3;9;0;4;8;0;5;7;1;0;1;1;2;3;1;4;9;1;5;8;1;6;12;
0;0;12;0;1;11;0;2;10;0;3;9;0;4;8;0;5;7;1;0;1;1;2;3;1;4;5;1;6;12;1;8;9;
0;0;12;0;1;11;0;2;10;0;3;9;0;4;8;0;5;7;1;0;1;1;2;9;1;3;4;1;5;8;1;6;12;
0;0;12;0;1;11;0;2;10;0;3;9;0;4;8;0;5;7;1;0;1;1;2;3;1;4;9;1;5;8;1;6;12;1;7;10;
0;0;12;0;1;11;0;2;10;0;3;9;0;4;8;0;5;7;1;0;1;1;2;3;1;4;9;1;5;10;1;6;12;1;7;8;
0;0;12;0;1;11;0;2;10;0;3;9;0;4;8;0;5;7;1;0;1;1;2;3;1;4;5;1;6;12;1;7;10;1;8;9;
0;0;12;0;1;11;0;2;10;0;3;9;0;4;8;0;5;7;1;0;1;1;2;9;1;3;8;1;4;7;1;5;10;1;6;12;
0;0;12;0;1;11;0;2;10;0;3;9;0;4;8;0;5;7;1;0;1;1;2;3;1;4;5;1;6;12;1;7;8;1;9;10;
0;0;12;0;1;11;0;2;10;0;3;9;0;4;8;0;5;7;1;0;1;1;2;3;1;4;7;1;5;8;1;6;12;1;9;10;
0;0;12;0;1;11;0;2;10;0;3;9;0;4;8;0;5;7;1;0;1;1;2;9;1;3;10;1;4;7;1;5;8;1;6;12;
0;0;12;0;1;11;0;2;10;0;3;9;0;4;8;0;5;7;1;0;6;1;1;2;1;3;10;1;4;9;1;5;8;
0;0;12;0;1;11;0;2;10;0;3;9;0;4;8;0;5;7;1;0;6;1;1;2;1;3;10;1;4;5;1;8;9;
0;0;12;0;1;11;0;2;10;0;3;9;0;4;8;0;5;7;1;0;6;1;1;2;1;3;4;1;5;8;1;9;10;
0;0;12;0;1;11;0;2;10;0;3;9;0;4;8;0;5;7;1;0;6;1;1;10;1;2;3;1;4;9;1;5;8;
0;0;12;0;1;11;0;2;10;0;3;9;0;4;8;0;5;7;1;0;6;1;1;2;1;3;10;1;4;5;1;7;8;
0;0;12;0;1;11;0;2;10;0;3;9;0;4;8;0;5;7;1;0;6;1;1;2;1;3;10;1;4;7;1;5;8;
0;0;12;0;1;11;0;2;10;0;3;9;0;4;8;0;5;7;1;0;6;1;1;2;1;3;10;1;4;9;1;5;8;1;7;11;
0;0;12;0;1;11;0;2;10;0;3;9;0;4;8;0;5;7;1;0;6;1;1;2;1;3;10;1;4;9;1;5;11;1;7;8;
0;0;12;0;1;11;0;2;10;0;3;9;0;4;8;0;5;7;1;0;6;1;1;2;1;3;10;1;4;5;1;7;11;1;8;9;
0;0;12;0;1;11;0;2;10;0;3;9;0;4;8;0;5;7;1;0;6;1;1;10;1;2;9;1;3;8;1;4;7;1;5;11;
0;0;12;0;1;11;0;2;10;0;3;9;0;4;8;0;5;7;1;0;6;1;1;2;1;3;4;1;5;8;1;7;9;1;10;11;
0;0;12;0;1;11;0;2;10;0;3;9;0;4;8;0;5;7;1;0;6;1;1;2;1;3;8;1;4;7;1;5;9;1;10;11;
0;0;12;0;1;11;0;2;10;0;3;9;0;4;8;0;5;7;1;0;6;1;1;10;1;2;11;1;3;4;1;5;8;1;7;9;
0;0;12;0;1;11;0;2;10;0;3;9;0;4;8;0;5;7;1;0;6;1;1;10;1;2;11;1;3;8;1;4;7;1;5;9;
