0;0;13;0;1;12;0;2;11;0;3;10;0;4;9;0;5;8;0;6;7;1;1;2;1;3;11;1;4;10;1;5;9;1;6;8;1;7;12;
0;0;13;0;1;12;0;2;11;0;3;10;0;4;9;0;5;8;0;6;7;1;1;2;1;3;11;1;4;10;1;5;9;1;6;12;1;7;8;
0;0;13;0;1;12;0;2;11;0;3;10;0;4;9;0;5;8;0;6;7;1;1;2;1;3;11;1;4;10;1;5;6;1;7;12;1;8;9;
0;0;13;0;1;12;0;2;11;0;3;10;0;4;9;0;5;8;0;6;7;1;1;2;1;3;11;1;4;10;1;5;7;1;6;12;1;8;9;
0;0;13;0;1;12;0;2;11;0;3;10;0;4;9;0;5;8;0;6;7;1;1;2;1;3;11;1;4;5;1;6;8;1;7;12;1;9;10;
0;0;13;0;1;12;0;2;11;0;3;10;0;4;9;0;5;8;0;6;7;1;1;2;1;3;11;1;4;5;1;6;12;1;7;8;1;9;10;
0;0;13;0;1;12;0;2;11;0;3;10;0;4;9;0;5;8;0;6;7;1;1;2;1;3;4;1;5;6;1;7;12;1;8;9;1;10;11;
0;0;13;0;1;12;0;2;11;0;3;10;0;4;9;0;5;8;0;6;7;1;1;11;1;2;10;1;3;9;1;4;8;1;5;7;1;6;12;
0;0;13;0;1;12;0;2;11;0;3;10;0;4;9;0;5;8;0;6;7;1;1;2;1;3;11;1;4;5;1;6;8;1;7;9;1;10;12;
0;0;13;0;1;12;0;2;11;0;3;10;0;4;9;0;5;8;0;6;7;1;1;2;1;3;11;1;4;8;1;5;7;1;6;9;1;10;12;
0;0;13;0;1;12;0;2;11;0;3;10;0;4;9;0;5;8;0;6;7;1;1;11;1;2;10;1;3;12;1;4;8;1;5;7;1;6;9;
0;0;13;0;1;12;0;2;11;0;3;10;0;4;9;0;5;8;0;6;7;1;1;2;1;3;4;1;5;9;1;6;8;1;7;10;1;11;12;
0;0;13;0;1;12;0;2;11;0;3;10;0;4;9;0;5;8;0;6;7;1;1;2;1;3;4;1;5;9;1;6;10;1;7;8;1;11;12;
0;0;13;0;1;12;0;2;11;0;3;10;0;4;9;0;5;8;0;6;7;1;1;2;1;3;4;1;5;6;1;7;10;1;8;9;1;11;12;
0;0;13;0;1;12;0;2;11;0;3;10;0;4;9;0;5;8;0;6;7;1;1;2;1;3;9;1;4;8;1;5;7;1;6;10;1;11;12;
0;0;13;0;1;12;0;2;11;0;3;10;0;4;9;0;5;8;0;6;7;1;1;2;1;3;4;1;5;6;1;7;8;1;9;10;1;11;12;
0;0;13;0;1;12;0;2;11;0;3;10;0;4;9;0;5;8;0;6;7;1;1;2;1;3;4;1;5;7;1;6;8;1;9;10;1;11;12;
0;0;13;0;1;12;0;2;11;0;3;10;0;4;9;0;5;8;0;6;7;1;1;2;1;3;9;1;4;10;1;5;7;1;6;8;1;11;12;
0;0;13;0;1;12;0;2;11;0;3;10;0;4;9;0;5;8;0;6;7;1;1;11;1;2;12;1;3;4;1;5;9;1;6;8;1;7;10;
0;0;13;0;1;12;0;2;11;0;3;10;0;4;9;0;5;8;0;6;7;1;1;11;1;2;12;1;3;4;1;5;9;1;6;10;1;7;8;
0;0;13;0;1;12;0;2;11;0;3;10;0;4;9;0;5;8;0;6;7;1;1;11;1;2;12;1;3;4;1;5;6;1;7;10;1;8;9;
0;0;13;0;1;12;0;2;11;0;3;10;0;4;9;0;5;8;0;6;7;1;1;11;1;2;12;1;3;9;1;4;8;1;5;7;1;6;10;
0;0;13;0;1;12;0;2;11;0;3;10;0;4;9;0;5;8;0;6;7;1;1;11;1;2;12;1;3;9;1;4;10;1;5;7;1;6;8;
0;0;13;0;1;12;0;2;11;0;3;10;0;4;9;0;5;8;0;6;7;1;0;1;1;2;12;1;3;11;1;4;10;1;5;9;1;6;8;
0;0;13;0;1;12;0;2;11;0;3;10;0;4;9;0;5;8;0;6;7;1;0;1;1;2;12;1;3;11;1;4;10;1;5;6;1;8;9;
0;0;13;0;1;12;0;2;11;0;3;10;0;4;9;0;5;8;0;6;7;1;0;1;1;2;12;1;3;11;1;4;5;1;6;8;1;9;10;
0;0;13;0;1;12;0;2;11;0;3;10;0;4;9;0;5;8;0;6;7;1;0;1;1;2;12;1;3;11;1;4;8;1;5;6;1;9;10;
0;0;13;0;1;12;0;2;11;0;3;10;0;4;9;0;5;8;0;6;7;1;0;1;1;2;12;1;3;4;1;5;9;1;6;8;1;10;11;
0;0;13;0;1;12;0;2;11;0;3;10;0;4;9;0;5;8;0;6;7;1;0;1;1;2;12;1;3;4;1;5;6;1;8;9;1;10;11;
0;0;13;0;1;12;0;2;11;0;3;10;0;4;9;0;5;8;0;6;7;1;0;1;1;2;12;1;3;9;1;4;5;1;6;8;1;10;11;
0;0;13;0;1;12;0;2;11;0;3;10;0;4;9;0;5;8;0;6;7;1;0;1;1;2;3;1;4;10;1;5;9;1;6;8;1;11;12;
0;0;13;0;1;12;0;2;11;0;3;10;0;4;9;0;5;8;0;6;7;1;0;1;1;2;3;1;4;10;1;5;6;1;8;9;1;11;12;
0;0;13;0;1;12;0;2;11;0;3;10;0;4;9;0;5;8;0;6;7;1;0;1;1;2;3;1;4;5;1;6;8;1;9;10;1;11;12;
0;0;13;0;1;12;0;2;11;0;3;10;0;4;9;0;5;8;0;6;7;1;0;1;1;2;10;1;3;4;1;5;9;1;6;8;1;11;12;
0;0;13;0;1;12;0;2;11;0;3;10;0;4;9;0;5;8;0;6;7;1;0;1;1;2;10;1;3;9;1;4;5;1;6;8;1;11;12;
0;0;13;0;1;12;0;2;11;0;3;10;0;4;9;0;5;8;0;6;7;1;0;12;1;1;2;1;3;11;1;4;10;1;5;9;1;6;8;
0;0;13;0;1;12;0;2;11;0;3;10;0;4;9;0;5;8;0;6;7;1;0;12;1;1;2;1;3;11;1;4;5;1;6;8;1;9;10;
0;0;13;0;1;12;0;2;11;0;3;10;0;4;9;0;5;8;0;6;7;1;0;12;1;1;2;1;3;4;1;5;9;1;6;8;1;10;11;
0;0;13;0;1;12;0;2;11;0;3;10;0;4;9;0;5;8;0;6;7;1;0;12;1;1;11;1;2;3;1;4;10;1;5;9;1;6;8;
0;0;13;0;1;12;0;2;11;0;3;10;0;4;9;0;5;8;0;6;7;1;0;1;1;2;12;1;3;11;1;4;10;1;5;6;1;7;8;
0;0;13;0;1;12;0;2;11;0;3;10;0;4;9;0;5;8;0;6;7;1;0;1;1;2;12;1;3;11;1;4;10;1;5;7;1;6;8;
0;0;13;0;1;12;0;2;11;0;3;10;0;4;9;0;5;8;0;6;7;1;0;1;1;2;12;1;3;4;1;5;6;1;7;8;1;10;11;
0;0;13;0;1;12;0;2;11;0;3;10;0;4;9;0;5;8;0;6;7;1;0;1;1;2;12;1;3;4;1;5;7;1;6;8;1;10;11;
0;0;13;0;1;12;0;2;11;0;3;10;0;4;9;0;5;8;0;6;7;1;0;1;1;2;3;1;4;10;1;5;6;1;7;8;1;11;12;
0;0;13;0;1;12;0;2;11;0;3;10;0;4;9;0;5;8;0;6;7;1;0;1;1;2;3;1;4;10;1;5;7;1;6;8;1;11;12;
0;0;13;0;1;12;0;2;11;0;3;10;0;4;9;0;5;8;0;6;7;1;0;12;1;1;2;1;3;11;1;4;10;1;5;6;1;7;8;
0;0;13;0;1;12;0;2;11;0;3;10;0;4;9;0;5;8;0;6;7;1;0;12;1;1;2;1;3;11;1;4;10;1;5;7;1;6;8;
0;0;13;0;1;12;0;2;11;0;3;10;0;4;9;0;5;8;0;6;7;1;0;1;1;2;12;1;3;11;1;4;5;1;6;8;1;7;9;
0;0;13;0;1;12;0;2;11;0;3;10;0;4;9;0;5;8;0;6;7;1;0;1;1;2;12;1;3;11;1;4;8;1;5;7;1;6;9;
0;0;13;0;1;12;0;2;11;0;3;10;0;4;9;0;5;8;0;6;7;1;0;1;1;2;3;1;4;5;1;6;8;1;7;9;1;11;12;
0;0;13;0;1;12;0;2;11;0;3;10;0;4;9;0;5;8;0;6;7;1;0;1;1;2;3;1;4;8;1;5;7;1;6;9;1;11;12;
0;0;13;0;1;12;0;2;11;0;3;10;0;4;9;0;5;8;0;6;7;1;0;12;1;1;2;1;3;11;1;4;5;1;6;8;1;7;9;
0;0;13;0;1;12;0;2;11;0;3;10;0;4;9;0;5;8;0;6;7;1;0;12;1;1;2;1;3;11;1;4;8;1;5;7;1;6;9;
0;0;13;0;1;12;0;2;11;0;3;10;0;4;9;0;5;8;0;6;7;1;0;1;1;2;12;1;3;4;1;5;9;1;6;8;
0;0;13;0;1;12;0;2;11;0;3;10;0;4;9;0;5;8;0;6;7;1;0;1;1;2;12;1;3;4;1;5;6;1;8;9;
0;0;13;0;1;12;0;2;11;0;3;10;0;4;9;0;5;8;0;6;7;1;0;1;1;2;12;1;3;9;1;4;5;1;6;8;
0;0;13;0;1;12;0;2;11;0;3;10;0;4;9;0;5;8;0;6;7;1;0;1;1;2;12;1;3;4;1;5;9;1;6;8;1;7;10;
0;0;13;0;1;12;0;2;11;0;3;10;0;4;9;0;5;8;0;6;7;1;0;1;1;2;12;1;3;4;1;5;9;1;6;10;1;7;8;
0;0;13;0;1;12;0;2;11;0;3;10;0;4;9;0;5;8;0;6;7;1;0;1;1;2;12;1;3;4;1;5;6;1;7;10;1;8;9;
0;0;13;0;1;12;0;2;11;0;3;10;0;4;9;0;5;8;0;6;7;1;0;1;1;2;12;1;3;9;1;4;8;1;5;7;1;6;10;
0;0;13;0;1;12;0;2;11;0;3;10;0;4;9;0;5;8;0;6;7;1;0;1;1;2;12;1;3;4;1;5;6;1;7;8;1;9;10;
0;0;13;0;1;12;0;2;11;0;3;10;0;4;9;0;5;8;0;6;7;1;0;1;1;2;12;1;3;4;1;5;7;1;6;8;1;9;10;
0;0;13;0;1;12;0;2;11;0;3;10;0;4;9;0;5;8;0;6;7;1;0;1;1;2;12;1;3;9;1;4;10;1;5;7;1;6;8;
0;0;13;0;1;12;0;2;11;0;3;10;0;4;9;0;5;8;0;6;7;1;0;1;1;2;12;1;3;11;1;4;10;1;5;9;1;6;8;1;7;13;
0;0;13;0;1;12;0;2;11;0;3;10;0;4;9;0;5;8;0;6;7;1;0;1;1;2;12;1;3;11;1;4;10;1;5;9;1;6;13;1;7;8;
0;0;13;0;1;12;0;2;11;0;3;10;0;4;9;0;5;8;0;6;7;1;0;1;1;2;12;1;3;11;1;4;10;1;5;6;1;7;13;1;8;9;
0;0;13;0;1;12;0;2;11;0;3;10;0;4;9;0;5;8;0;6;7;1;0;1;1;2;12;1;3;11;1;4;10;1;5;7;1;6;13;1;8;9;
0;0;13;0;1;12;0;2;11;0;3;10;0;4;9;0;5;8;0;6;7;1;0;1;1;2;12;1;3;11;1;4;5;1;6;8;1;7;13;1;9;10;
0;0;13;0;1;12;0;2;11;0;3;10;0;4;9;0;5;8;0;6;7;1;0;1;1;2;12;1;3;11;1;4;5;1;6;13;1;7;8;1;9;10;
0;0;13;0;1;12;0;2;11;0;3;10;0;4;9;0;5;8;0;6;7;1;0;1;1;2;12;1;3;4;1;5;9;1;6;13;1;7;8;1;10;11;
0;0;13;0;1;12;0;2;11;0;3;10;0;4;9;0;5;8;0;6;7;1;0;1;1;2;12;1;3;4;1;5;6;1;7;13;1;8;9;1;10;11;
0;0;13;0;1;12;0;2;11;0;3;10;0;4;9;0;5;8;0;6;7;1;0;12;1;1;11;1;2;10;1;3;9;1;4;8;1;5;7;1;6;13;
0;0;13;0;1;12;0;2;11;0;3;10;0;4;9;0;5;8;0;6;7;1;0;1;1;2;12;1;3;4;1;5;9;1;6;8;1;7;10;1;11;13;
0;0;13;0;1;12;0;2;11;0;3;10;0;4;9;0;5;8;0;6;7;1;0;1;1;2;12;1;3;4;1;5;9;1;6;10;1;7;8;1;11;13;
0;0;13;0;1;12;0;2;11;0;3;10;0;4;9;0;5;8;0;6;7;1;0;1;1;2;12;1;3;4;1;5;6;1;7;10;1;8;9;1;11;13;
0;0;13;0;1;12;0;2;11;0;3;10;0;4;9;0;5;8;0;6;7;1;0;1;1;2;12;1;3;9;1;4;8;1;5;7;1;6;10;1;11;13;
0;0;13;0;1;12;0;2;11;0;3;10;0;4;9;0;5;8;0;6;7;1;0;12;1;1;11;1;2;13;1;3;4;1;5;9;1;6;8;1;7;10;
0;0;13;0;1;12;0;2;11;0;3;10;0;4;9;0;5;8;0;6;7;1;0;12;1;1;11;1;2;13;1;3;4;1;5;9;1;6;10;1;7;8;
0;0;13;0;1;12;0;2;11;0;3;10;0;4;9;0;5;8;0;6;7;1;0;12;1;1;11;1;2;13;1;3;4;1;5;6;1;7;10;1;8;9;
0;0;13;0;1;12;0;2;11;0;3;10;0;4;9;0;5;8;0;6;7;1;0;12;1;1;11;1;2;13;1;3;9;1;4;8;1;5;7;1;6;10;
0;0;13;0;1;12;0;2;11;0;3;10;0;4;9;0;5;8;0;6;7;1;0;1;1;2;3;1;4;10;1;5;9;1;6;8;1;7;11;1;12;13;
0;0;13;0;1;12;0;2;11;0;3;10;0;4;9;0;5;8;0;6;7;1;0;1;1;2;3;1;4;10;1;5;9;1;6;11;1;7;8;1;12;13;
0;0;13;0;1;12;0;2;11;0;3;10;0;4;9;0;5;8;0;6;7;1;0;1;1;2;3;1;4;10;1;5;6;1;7;11;1;8;9;1;12;13;
0;0;13;0;1;12;0;2;11;0;3;10;0;4;9;0;5;8;0;6;7;1;0;1;1;2;10;1;3;9;1;4;8;1;5;7;1;6;11;1;12;13;
0;0;13;0;1;12;0;2;11;0;3;10;0;4;9;0;5;8;0;6;7;1;0;1;1;2;3;1;4;5;1;6;8;1;7;9;1;10;11;1;12;13;
0;0;13;0;1;12;0;2;11;0;3;10;0;4;9;0;5;8;0;6;7;1;0;1;1;2;3;1;4;8;1;5;7;1;6;9;1;10;11;1;12;13;
0;0;13;0;1;12;0;2;11;0;3;10;0;4;9;0;5;8;0;6;7;1;0;1;1;2;10;1;3;11;1;4;5;1;6;8;1;7;9;1;12;13;
0;0;13;0;1;12;0;2;11;0;3;10;0;4;9;0;5;8;0;6;7;1;0;1;1;2;10;1;3;11;1;4;8;1;5;7;1;6;9;1;12;13;
0;0;13;0;1;12;0;2;11;0;3;10;0;4;9;0;5;8;0;6;7;1;0;12;1;1;13;1;2;3;1;4;10;1;5;9;1;6;8;1;7;11;
0;0;13;0;1;12;0;2;11;0;3;10;0;4;9;0;5;8;0;6;7;1;0;12;1;1;13;1;2;3;1;4;10;1;5;9;1;6;11;1;7;8;
0;0;13;0;1;12;0;2;11;0;3;10;0;4;9;0;5;8;0;6;7;1;0;12;1;1;13;1;2;3;1;4;10;1;5;6;1;7;11;1;8;9;
0;0;13;0;1;12;0;2;11;0;3;10;0;4;9;0;5;8;0;6;7;1;0;12;1;1;13;1;2;10;1;3;9;1;4;8;1;5;7;1;6;11;
0;0;13;0;1;12;0;2;11;0;3;10;0;4;9;0;5;8;0;6;7;1;0;12;1;1;13;1;2;10;1;3;11;1;4;5;1;6;8;1;7;9;
0;0;13;0;1;12;0;2;11;0;3;10;0;4;9;0;5;8;0;6;7;1;0;12;1;1;13;1;2;10;1;3;11;1;4;8;1;5;7;1;6;9;
