0;0;10;0;1;9;0;2;8;0;3;7;0;4;6;1;0;1;1;2;9;1;3;8;1;4;7;1;6;10;
0;0;10;0;1;9;0;2;8;0;3;7;0;4;6;1;0;1;1;2;9;1;3;8;1;4;10;1;6;7;
0;0;10;0;1;9;0;2;8;0;3;7;0;4;6;1;0;1;1;2;9;1;3;4;1;6;10;1;7;8;
0;0;10;0;1;9;0;2;8;0;3;7;0;4;6;1;0;9;1;1;8;1;2;7;1;3;6;1;4;10;
0;0;10;0;1;9;0;2;8;0;3;7;0;4;6;1;0;1;1;2;3;1;4;7;1;6;8;1;9;10;
0;0;10;0;1;9;0;2;8;0;3;7;0;4;6;1;0;1;1;2;7;1;3;6;1;4;8;1;9;10;
0;0;10;0;1;9;0;2;8;0;3;7;0;4;6;1;0;9;1;1;10;1;2;3;1;4;7;1;6;8;
0;0;10;0;1;9;0;2;8;0;3;7;0;4;6;1;0;9;1;1;10;1;2;7;1;3;6;1;4;8;
0;0;10;0;1;9;0;2;8;0;3;7;0;4;6;1;0;5;1;1;10;1;2;9;1;3;8;1;4;7;
0;0;10;0;1;9;0;2;8;0;3;7;0;4;6;1;0;5;1;1;10;1;2;9;1;3;4;1;7;8;
0;0;10;0;1;9;0;2;8;0;3;7;0;4;6;1;0;5;1;1;10;1;2;3;1;4;7;1;8;9;
0;0;10;0;1;9;0;2;8;0;3;7;0;4;6;1;0;5;1;1;10;1;2;7;1;3;4;1;8;9;
0;0;10;0;1;9;0;2;8;0;3;7;0;4;6;1;0;5;1;1;2;1;3;8;1;4;7;1;9;10;
0;0;10;0;1;9;0;2;8;0;3;7;0;4;6;1;0;5;1;1;2;1;3;4;1;7;8;1;9;10;
0;0;10;0;1;9;0;2;8;0;3;7;0;4;6;1;0;5;1;1;8;1;2;3;1;4;7;1;9;10;
0;0;10;0;1;9;0;2;8;0;3;7;0;4;6;1;0;5;1;1;8;1;2;7;1;3;4;1;9;10;
0;0;10;0;1;9;0;2;8;0;3;7;0;4;6;1;0;1;1;2;9;1;3;8;1;4;7;1;5;10;
0;0;10;0;1;9;0;2;8;0;3;7;0;4;6;1;0;1;1;2;9;1;3;4;1;5;10;1;7;8;
0;0;10;0;1;9;0;2;8;0;3;7;0;4;6;1;0;1;1;2;3;1;4;7;1;5;10;1;8;9;
0;0;10;0;1;9;0;2;8;0;3;7;0;4;6;1;0;1;1;2;7;1;3;4;1;5;10;1;8;9;
0;0;10;0;1;9;0;2;8;0;3;7;0;4;6;1;0;9;1;1;2;1;3;8;1;4;7;1;5;10;
0;0;10;0;1;9;0;2;8;0;3;7;0;4;6;1;0;9;1;1;2;1;3;4;1;5;10;1;7;8;
0;0;10;0;1;9;0;2;8;0;3;7;0;4;6;1;0;9;1;1;8;1;2;3;1;4;7;1;5;10;
0;0;10;0;1;9;0;2;8;0;3;7;0;4;6;1;0;9;1;1;8;1;2;7;1;3;4;1;5;10;
0;0;10;0;1;9;0;2;8;0;3;7;0;4;6;1;0;5;1;1;10;1;2;9;1;3;4;1;6;7;
0;0;10;0;1;9;0;2;8;0;3;7;0;4;6;1;0;5;1;1;10;1;2;9;1;3;6;1;4;7;
0;0;10;0;1;9;0;2;8;0;3;7;0;4;6;1;0;5;1;1;2;1;3;4;1;6;7;1;9;10;
0;0;10;0;1;9;0;2;8;0;3;7;0;4;6;1;0;5;1;1;2;1;3;6;1;4;7;1;9;10;
0;0;10;0;1;9;0;2;8;0;3;7;0;4;6;1;0;1;1;2;9;1;3;4;1;5;10;1;6;7;
0;0;10;0;1;9;0;2;8;0;3;7;0;4;6;1;0;1;1;2;9;1;3;6;1;4;7;1;5;10;
0;0;10;0;1;9;0;2;8;0;3;7;0;4;6;1;0;9;1;1;2;1;3;4;1;5;10;1;6;7;
0;0;10;0;1;9;0;2;8;0;3;7;0;4;6;1;0;9;1;1;2;1;3;6;1;4;7;1;5;10;
0;0;10;0;1;9;0;2;8;0;3;7;0;4;6;1;0;5;1;1;10;1;2;3;1;4;7;
0;0;10;0;1;9;0;2;8;0;3;7;0;4;6;1;0;5;1;1;10;1;2;3;1;4;7;1;6;8;
0;0;10;0;1;9;0;2;8;0;3;7;0;4;6;1;0;5;1;1;10;1;2;7;1;3;6;1;4;8;
0;0;10;0;1;9;0;2;8;0;3;7;0;4;6;1;0;1;1;2;3;1;4;7;1;5;10;
0;0;10;0;1;9;0;2;8;0;3;7;0;4;6;1;0;1;1;2;3;1;4;7;1;5;10;1;6;8;
0;0;10;0;1;9;0;2;8;0;3;7;0;4;6;1;0;1;1;2;7;1;3;6;1;4;8;1;5;10;
0;0;10;0;1;9;0;2;8;0;3;7;0;4;6;1;0;5;1;1;2;1;3;8;1;4;7;
0;0;10;0;1;9;0;2;8;0;3;7;0;4;6;1;0;5;1;1;2;1;3;4;1;7;8;
0;0;10;0;1;9;0;2;8;0;3;7;0;4;6;1;0;5;1;1;8;1;2;3;1;4;7;
0;0;10;0;1;9;0;2;8;0;3;7;0;4;6;1;0;5;1;1;2;1;3;8;1;4;7;1;6;9;
0;0;10;0;1;9;0;2;8;0;3;7;0;4;6;1;0;5;1;1;2;1;3;8;1;4;9;1;6;7;
0;0;10;0;1;9;0;2;8;0;3;7;0;4;6;1;0;5;1;1;2;1;3;4;1;6;9;1;7;8;
0;0;10;0;1;9;0;2;8;0;3;7;0;4;6;1;0;5;1;1;8;1;2;7;1;3;6;1;4;9;
0;0;10;0;1;9;0;2;8;0;3;7;0;4;6;1;0;5;1;1;2;1;3;4;1;6;7;1;8;9;
0;0;10;0;1;9;0;2;8;0;3;7;0;4;6;1;0;5;1;1;2;1;3;6;1;4;7;1;8;9;
0;0;10;0;1;9;0;2;8;0;3;7;0;4;6;1;0;5;1;1;8;1;2;9;1;3;6;1;4;7;
