0;0;11;0;1;10;0;2;9;0;3;8;0;4;7;0;5;6;1;1;2;1;3;9;1;4;8;1;5;7;1;6;10;
0;0;11;0;1;10;0;2;9;0;3;8;0;4;7;0;5;6;1;1;2;1;3;9;1;4;8;1;5;10;1;6;7;
0;0;11;0;1;10;0;2;9;0;3;8;0;4;7;0;5;6;1;1;2;1;3;9;1;4;5;1;6;10;1;7;8;
0;0;11;0;1;10;0;2;9;0;3;8;0;4;7;0;5;6;1;1;9;1;2;8;1;3;7;1;4;6;1;5;10;
0;0;11;0;1;10;0;2;9;0;3;8;0;4;7;0;5;6;1;1;2;1;3;4;1;5;7;1;6;8;1;9;10;
0;0;11;0;1;10;0;2;9;0;3;8;0;4;7;0;5;6;1;1;2;1;3;7;1;4;6;1;5;8;1;9;10;
0;0;11;0;1;10;0;2;9;0;3;8;0;4;7;0;5;6;1;1;9;1;2;10;1;3;4;1;5;7;1;6;8;
0;0;11;0;1;10;0;2;9;0;3;8;0;4;7;0;5;6;1;1;9;1;2;10;1;3;7;1;4;6;1;5;8;
0;0;11;0;1;10;0;2;9;0;3;8;0;4;7;0;5;6;1;0;1;1;2;10;1;3;9;1;4;8;1;5;7;
0;0;11;0;1;10;0;2;9;0;3;8;0;4;7;0;5;6;1;0;1;1;2;10;1;3;9;1;4;5;1;7;8;
0;0;11;0;1;10;0;2;9;0;3;8;0;4;7;0;5;6;1;0;1;1;2;10;1;3;4;1;5;7;1;8;9;
0;0;11;0;1;10;0;2;9;0;3;8;0;4;7;0;5;6;1;0;1;1;2;10;1;3;7;1;4;5;1;8;9;
0;0;11;0;1;10;0;2;9;0;3;8;0;4;7;0;5;6;1;0;1;1;2;3;1;4;8;1;5;7;1;9;10;
0;0;11;0;1;10;0;2;9;0;3;8;0;4;7;0;5;6;1;0;1;1;2;3;1;4;5;1;7;8;1;9;10;
0;0;11;0;1;10;0;2;9;0;3;8;0;4;7;0;5;6;1;0;1;1;2;8;1;3;4;1;5;7;1;9;10;
0;0;11;0;1;10;0;2;9;0;3;8;0;4;7;0;5;6;1;0;10;1;1;2;1;3;9;1;4;8;1;5;7;
0;0;11;0;1;10;0;2;9;0;3;8;0;4;7;0;5;6;1;0;10;1;1;2;1;3;4;1;5;7;1;8;9;
0;0;11;0;1;10;0;2;9;0;3;8;0;4;7;0;5;6;1;0;10;1;1;9;1;2;3;1;4;8;1;5;7;
0;0;11;0;1;10;0;2;9;0;3;8;0;4;7;0;5;6;1;0;1;1;2;10;1;3;9;1;4;5;1;6;7;
0;0;11;0;1;10;0;2;9;0;3;8;0;4;7;0;5;6;1;0;1;1;2;10;1;3;9;1;4;6;1;5;7;
0;0;11;0;1;10;0;2;9;0;3;8;0;4;7;0;5;6;1;0;1;1;2;3;1;4;5;1;6;7;1;9;10;
0;0;11;0;1;10;0;2;9;0;3;8;0;4;7;0;5;6;1;0;1;1;2;3;1;4;6;1;5;7;1;9;10;
0;0;11;0;1;10;0;2;9;0;3;8;0;4;7;0;5;6;1;0;10;1;1;2;1;3;9;1;4;5;1;6;7;
0;0;11;0;1;10;0;2;9;0;3;8;0;4;7;0;5;6;1;0;10;1;1;2;1;3;9;1;4;6;1;5;7;
0;0;11;0;1;10;0;2;9;0;3;8;0;4;7;0;5;6;1;0;1;1;2;10;1;3;4;1;5;7;
0;0;11;0;1;10;0;2;9;0;3;8;0;4;7;0;5;6;1;0;1;1;2;10;1;3;4;1;5;7;1;6;8;
0;0;11;0;1;10;0;2;9;0;3;8;0;4;7;0;5;6;1;0;1;1;2;10;1;3;7;1;4;6;1;5;8;
0;0;11;0;1;10;0;2;9;0;3;8;0;4;7;0;5;6;1;0;1;1;2;10;1;3;9;1;4;8;1;5;7;1;6;11;
0;0;11;0;1;10;0;2;9;0;3;8;0;4;7;0;5;6;1;0;1;1;2;10;1;3;9;1;4;8;1;5;11;1;6;7;
0;0;11;0;1;10;0;2;9;0;3;8;0;4;7;0;5;6;1;0;1;1;2;10;1;3;9;1;4;5;1;6;11;1;7;8;
0;0;11;0;1;10;0;2;9;0;3;8;0;4;7;0;5;6;1;0;1;1;2;10;1;3;9;1;4;6;1;5;11;1;7;8;
0;0;11;0;1;10;0;2;9;0;3;8;0;4;7;0;5;6;1;0;1;1;2;10;1;3;4;1;5;7;1;6;11;1;8;9;
0;0;11;0;1;10;0;2;9;0;3;8;0;4;7;0;5;6;1;0;1;1;2;10;1;3;4;1;5;11;1;6;7;1;8;9;
0;0;11;0;1;10;0;2;9;0;3;8;0;4;7;0;5;6;1;0;1;1;2;3;1;4;5;1;6;11;1;7;8;1;9;10;
0;0;11;0;1;10;0;2;9;0;3;8;0;4;7;0;5;6;1;0;10;1;1;9;1;2;8;1;3;7;1;4;6;1;5;11;
0;0;11;0;1;10;0;2;9;0;3;8;0;4;7;0;5;6;1;0;1;1;2;10;1;3;4;1;5;7;1;6;8;1;9;11;
0;0;11;0;1;10;0;2;9;0;3;8;0;4;7;0;5;6;1;0;1;1;2;10;1;3;7;1;4;6;1;5;8;1;9;11;
0;0;11;0;1;10;0;2;9;0;3;8;0;4;7;0;5;6;1;0;10;1;1;9;1;2;11;1;3;7;1;4;6;1;5;8;
0;0;11;0;1;10;0;2;9;0;3;8;0;4;7;0;5;6;1;0;1;1;2;3;1;4;8;1;5;7;1;6;9;1;10;11;
0;0;11;0;1;10;0;2;9;0;3;8;0;4;7;0;5;6;1;0;1;1;2;3;1;4;8;1;5;9;1;6;7;1;10;11;
0;0;11;0;1;10;0;2;9;0;3;8;0;4;7;0;5;6;1;0;1;1;2;3;1;4;5;1;6;9;1;7;8;1;10;11;
0;0;11;0;1;10;0;2;9;0;3;8;0;4;7;0;5;6;1;0;1;1;2;8;1;3;7;1;4;6;1;5;9;1;10;11;
0;0;11;0;1;10;0;2;9;0;3;8;0;4;7;0;5;6;1;0;1;1;2;3;1;4;5;1;6;7;1;8;9;1;10;11;
0;0;11;0;1;10;0;2;9;0;3;8;0;4;7;0;5;6;1;0;1;1;2;3;1;4;6;1;5;7;1;8;9;1;10;11;
0;0;11;0;1;10;0;2;9;0;3;8;0;4;7;0;5;6;1;0;1;1;2;8;1;3;9;1;4;6;1;5;7;1;10;11;
0;0;11;0;1;10;0;2;9;0;3;8;0;4;7;0;5;6;1;0;10;1;1;11;1;2;3;1;4;8;1;5;7;1;6;9;
0;0;11;0;1;10;0;2;9;0;3;8;0;4;7;0;5;6;1;0;10;1;1;11;1;2;3;1;4;8;1;5;9;1;6;7;
0;0;11;0;1;10;0;2;9;0;3;8;0;4;7;0;5;6;1;0;10;1;1;11;1;2;3;1;4;5;1;6;9;1;7;8;
0;0;11;0;1;10;0;2;9;0;3;8;0;4;7;0;5;6;1;0;10;1;1;11;1;2;8;1;3;7;1;4;6;1;5;9;
0;0;11;0;1;10;0;2;9;0;3;8;0;4;7;0;5;6;1;0;10;1;1;11;1;2;8;1;3;9;1;4;6;1;5;7;
