0;0;7;0;1;6;0;2;5;0;3;4;1;1;2;1;3;5;1;4;6;
0;0;7;0;1;6;0;2;5;0;3;4;1;1;5;1;2;4;1;3;6;
0;0;7;0;1;6;0;2;5;0;3;4;1;0;1;1;2;6;1;3;5;
0;0;7;0;1;6;0;2;5;0;3;4;1;0;1;1;2;3;1;5;6;
0;0;7;0;1;6;0;2;5;0;3;4;1;0;6;1;1;2;1;3;5;
0;0;7;0;1;6;0;2;5;0;3;4;1;0;1;1;2;6;1;3;5;1;4;7;
0;0;7;0;1;6;0;2;5;0;3;4;1;0;1;1;2;6;1;3;7;1;4;5;
0;0;7;0;1;6;0;2;5;0;3;4;1;0;1;1;2;3;1;4;7;1;5;6;
0;0;7;0;1;6;0;2;5;0;3;4;1;0;6;1;1;5;1;2;4;1;3;7;
0;0;7;0;1;6;0;2;5;0;3;4;1;0;1;1;2;3;1;4;5;1;6;7;
0;0;7;0;1;6;0;2;5;0;3;4;1;0;1;1;2;4;1;3;5;1;6;7;
0;0;7;0;1;6;0;2;5;0;3;4;1;0;6;1;1;7;1;2;4;1;3;5;
